Fri Nov 20 16:00:43 2020
Group	GroupID
	diff	lwr	upr	p adj
R1405-R2488	0.300000000000003	-0.502319237298902	1.10231923729891	0.888068662648949
R2567-R2488	0.550000000000005	-0.2523192372989	1.35231923729891	0.357979722124143
GF-R2488	1.4530612244898	0.779838583850075	2.12628386512953	8.05370674594741e-08
R2828-R2488	1.46666666666667	0.600062844286911	2.33327048904643	4.092415427559e-05
R2149-R2488	1.8	0.933396177620243	2.66660382237977	2.54124805976197e-07
R2567-R1405	0.250000000000002	-0.552319237298903	1.05231923729891	0.94562003544451
GF-R1405	1.1530612244898	0.479838583850072	1.82628386512953	3.18113655762842e-05
R2828-R1405	1.16666666666667	0.300062844286908	2.03327048904643	0.00212160883177925
R2149-R1405	1.5	0.63339617762024	2.36660382237976	2.53595044890087e-05
GF-R2567	0.903061224489798	0.22983858385007	1.57628386512953	0.00223091840871614
R2828-R2567	0.916666666666667	0.0500628442869059	1.78327048904643	0.0314943926562296
R2149-R2567	1.25	0.383396177620238	2.11660382237976	0.000759820296652891
R2828-GF	0.0136054421768699	-0.735069888185527	0.762280772539266	0.999999942389747
R2149-GF	0.346938775510202	-0.401736554852195	1.0956141058726	0.762174189494112
R2149-R2828	0.333333333333332	-0.593105121927744	1.25977178859441	0.903363867172196
