ID	R1405Pleomorphomonas	R2488Burkholderia	R2567Exiguobacterium
Os01g0279100	-0.589	-1.021	-0.379
Os01g0866400	-0.915	-1.758	-0.799
Os02g0152900	-0.45	-0.81	-0.482
Os03g0131900	-0.503	-0.97	-0.433
Os03g0198600	1.262	1.464	1.061
Os03g0203200	1.544	1.348	0.645
Os03g0411100	1.267	1.134	0.578
Os04g0271700	-1.621	-0.95	-1.274
Os04g0396500	-0.66	-1.021	-0.591
Os04g0460600	-0.763	-1.244	-1.036
Os04g0518800	1.994	1.77	0.804
Os04g0598300	-2.92	-2.294	-1.849
Os05g0111300	1.025	1.206	0.475
Os05g0386800	-1.058	-1.038	-0.584
Os06g0110000	1.919	1.874	0.816
Os06g0127800	-1.066	-1.789	-0.132
Os06g0649600	0.779	0.867	0.597
Os08g0108100	2.2	2.104	0.614
Os08g0475500	0.579	3.5	1.781
Os09g0466400	-2.7	-2.65	-1.923
Os09g0502100	-0.928	-0.78	-0.481
Os10g0516100	-2.425	-2.117	-0.73
Os11g0104300	0.645	0.78	0.173
Os12g0617400	1.548	3.068	2.057
