Axis	PC1	PC2	group
A4001	0.0129865422718586	0.225506305136939	[13,18)
A4002	-0.0258472842720193	0.0998706497276999	[8,13)
A4003	-0.15100981787513	-0.0811756721664798	[8,13)
A4005	-0.100174707827911	-0.036128020995677	[8,13)
A4006	-0.126332118609577	-0.0336211430643253	[8,13)
A4007	-0.131162575532127	-0.207956379717667	[8,13)
A4008	0.120594974497232	0.0733078647687006	[13,18)
A4009	-0.100720858251085	0.00242152046797206	[8,13)
A4010	0.0955795139900172	0.236691251349121	[18,23)
B4011	0.0805690510520078	-0.30465255402086	[8,13)
B4012	-0.174888885521127	-0.131261665643294	[13,18)
B4013	-0.262999957588493	-0.044772594618713	[8,13)
B4014	0.0650036877380669	-0.214404660200896	[8,13)
B4015	-0.064041630138983	-0.0939133269484038	[13,18)
B4017	-0.0653158328554592	0.177512742794846	[8,13)
B4018	0.225167406236339	-0.103415718623555	[13,18)
B4019	0.183335163057761	-0.105866986083115	[8,13)
B4020	-0.236936035446583	0.059548788735022	[8,13)
C4021	-0.102371609657357	0.305018829787272	<8
C4022	-0.0947828740087827	0.106546030760362	[8,13)
C4024	-0.00915678795329695	0.0634055511566083	[18,23)
C4025	-0.172157186618202	-0.134761719405148	[13,18)
C4026	-0.0895015813402183	-0.103134860257151	[8,13)
C4027	-0.221525290622614	-0.0449315641362016	[8,13)
C4029	0.0387581655209709	-0.305430886898155	[13,18)
C4030	-0.0646866036384977	0.024480679717348	<8
D4031	-0.0827641501568364	-0.129546107954027	[8,13)
D4033	-0.194873153154161	-0.104772820785745	[8,13)
D4034	0.108839742012704	0.0346160537144525	[18,23)
D4035	0.0861097971078434	-0.306222028731014	[13,18)
D4036	0.287026145012184	0.0471267882182024	[18,23)
D4037	0.123010493734848	-0.156604669609544	[13,18)
D4039	0.0664295689188215	-0.240645271507944	[8,13)
D4040	0.0296789335938089	-0.0541416956546142	[13,18)
E4041	0.229984058526386	0.169749066203933	[18,23)
E4042	0.0200640449724449	0.282679639605909	[18,23)
E4043	0.219957055349991	-0.00392425789020413	[18,23)
E4044	0.0412239282180413	0.102066636023138	[8,13)
E4045	0.119782866758012	-0.0957568436744121	[23,28)
E4046	0.153725779012868	0.00471842186201718	[13,18)
E4047	0.156037097892636	-0.0524477264876956	[13,18)
E4048	0.122382352704326	0.102352775701609	[8,13)
E4050	0.116010281920928	0.148250348268133	[13,18)
F4054	-0.0445437109864923	0.123836984192809	[13,18)
F4055	0.13405052269218	0.156600579151308	[8,13)
F4056	0.141440532376406	-0.00799564932708209	[18,23)
F4057	0.134236355363473	-0.148190376120835	[13,18)
F4058	-0.0954007321872766	0.0216443759009372	[8,13)
F4060	0.131923304551008	0.018621294500498	[8,13)
G4061	0.0964478709873514	0.0330111072572141	[8,13)
G4062	0.159830330240221	0.131437285103335	[18,23)
G4063	-0.00669584883070829	0.187722104506547	<8
G4065	-0.138032477900399	0.0402225477549187	[8,13)
G4066	0.052585407577913	-0.184406647035004	[8,13)
G4068	-0.0464836635329368	-0.11049666930604	[8,13)
G4069	-0.0635767848994195	0.0173401452615004	[8,13)
G4070	0.0258654975946745	-0.209207619540596	[8,13)
H4071	-0.19071708041877	0.141498036839162	<8
H4074	0.193695388321473	0.0482500370796395	[8,13)
H4075	-0.180073352251096	-0.11190506552191	[8,13)
H4076	0.142067462135575	0.0212143035556643	[23,28)
H4077	-0.0357166238708611	-0.179461614058623	[13,18)
H4079	0.0571510972305518	-0.0184283385396026	[13,18)
H4080	0.284943201169843	-0.109328334906	[23,28)
J4083	-0.160126231129669	0.145579703892085	[13,18)
J4085	-0.199795129481929	0.0923255734617686	<8
J4086	-0.0758593632030405	-0.0526426078832703	[8,13)
J4087	0.0343886729437354	0.0337194301471481	[23,28)
J4088	-0.0143290217861368	0.216670395570004	[18,23)
J4089	-0.0937009595250037	0.136166069894339	[13,18)
J4090	-0.199651738015033	-0.0657016561627444	[8,13)
K4091	-0.238375871246484	0.344549689424596	<8
K4092	-0.00245929853943383	-0.24006881852919	[13,18)
K4093	0.258668830091221	0.0271357248409484	[18,23)
K4094	-0.00793747635406524	0.202886860787324	<8
K4096	0.0662807012287891	-0.214007038805044	[23,28)
K4097	-0.0583319190247596	-0.191573343475016	[13,18)
K4098	-0.259398309907187	0.114051291888326	[8,13)
L4101	-0.213890576429469	0.0990461553174191	[8,13)
L4103	-0.24076261570948	-0.0676649422447551	[8,13)
L4105	0.204319286721673	0.0205615277855175	[8,13)
L4106	0.00738078543140165	-0.0810783857570053	[18,23)
L4107	-0.210011591182667	-0.14107125483697	[8,13)
L4108	-0.16938336610837	0.100647596642598	[8,13)
L4109	0.126090669774449	-0.169768665714962	[8,13)
L4110	0.1465704420299	0.20549166373724	[18,23)
M4111	0.0884442465727193	0.103257128811274	[18,23)
M4112	0.00471215100090902	-0.010686749783146	[8,13)
M4113	0.199262920278767	-0.0395687461017865	[8,13)
M4114	0.103849841589047	0.0419926400210971	[18,23)
M4115	0.0448495181797322	-0.125571383836587	[8,13)
M4116	-0.00119390600893373	-0.180450624664191	[18,23)
M4117	-0.114447289887024	-0.198759468772371	[13,18)
M4118	0.063525872472997	-0.0196019754192298	[13,18)
M4119	0.040035066746745	-0.0792070671630433	[23,28)
N4121	0.116209455340671	0.0961066747560957	>=28
N4122	-0.0249310912562054	-0.105093375043455	[13,18)
N4123	-0.188433811664518	0.149866369758054	[8,13)
N4124	0.124015105267478	-0.161927089104666	[23,28)
N4126	0.240313824401477	-0.148649425627436	[23,28)
N4127	0.183165751841906	-0.106541492059741	[13,18)
N4128	0.106418949929711	-0.0672393808836328	[18,23)
N4129	-0.0122241329659812	-0.14354074032939	[8,13)
N4130	0.243617678454813	-0.0401586145866948	[23,28)
P4132	0.0824088535529958	-0.0805197172633359	[8,13)
P4134	-0.0190263887328399	-0.067932210035969	[23,28)
P4135	0.193678284812505	0.0962079956243328	[18,23)
P4138	-0.140778873673148	0.31795872333886	<8
P4139	-0.148209178365441	0.0674157381835945	[8,13)
P4140	0.0634726742375719	0.134410741107851	[8,13)
Q4141	0.0485057806458719	0.0511845244977716	[8,13)
Q4142	-0.190992397601948	0.0799463976722073	<8
Q4143	0.111372666180273	-0.0279326825502884	[8,13)
Q4144	0.0229167883692991	0.00894884255476245	<8
Q4145	-0.0372831583040483	0.200021359233565	[18,23)
Q4146	0.151101598933398	-0.0777834094742181	[8,13)
Q4147	-0.131359417249146	0.167007916674351	[13,18)
Q4148	-0.123021745053956	-0.0318202767192019	[8,13)
Q4149	-0.146063481345358	0.107410107847958	[8,13)
Q4150	0.144753394745365	0.281350535028004	>=28
R4151	0.122506938168672	-0.0750570436550004	[13,18)
R4152	-0.0484832463386351	-0.208525971130748	[13,18)
R4153	0.199701971134403	0.0133789643697956	[18,23)
R4154	0.129539018750728	0.0793271712915502	>=28
R4155	-0.0183350012132038	-0.122642633943309	[8,13)
R4156	0.0799748116167487	0.0374707981362459	[8,13)
R4157	-0.0562142903238267	-0.106681591208409	[8,13)
R4158	-0.124503444396072	-0.0342495811493471	[8,13)
S4161	0.0281374347163582	-0.121957883861014	[13,18)
S4162	-0.0504316514505177	-0.18290993268756	[13,18)
S4165	0.221431181677072	0.00854543428914839	[13,18)
S4166	0.192892685066311	0.207094474723015	[23,28)
S4167	-0.0897954401570589	-0.157448797263451	[8,13)
S4168	0.156105097393215	-0.130054631346862	[13,18)
S4169	-0.0854124608850298	-0.195826290235596	[8,13)
S4170	-0.11967250562051	0.0904685150211527	[13,18)
T4171	-0.0253378369340175	0.0593312263362137	[13,18)
T4172	0.054291227923341	-0.0860002784816453	[13,18)
T4173	-0.0249905320217897	0.0520291462799656	[13,18)
T4174	0.236179263724011	-0.101152307833375	[13,18)
T4175	-0.0411309022458359	0.0923665393658495	[18,23)
T4177	-0.240570865043484	0.0560096402099108	[8,13)
T4178	0.130833234232567	0.377568135444077	>=28
T4179	-0.084954088853569	0.212378750612564	[8,13)
W4193	-0.07890807086584	-0.0205734281520644	[8,13)
W4194	0.0467581830859401	-0.129132362957439	[13,18)
W4195	0.0238518112606924	-0.0412092873553566	[13,18)
W4196	-0.06439547975926	0.0141758700050325	[8,13)
W4197	-0.145416687565179	0.0594527387737686	[8,13)
W4198	-0.247095649829964	0.0932158904857307	[8,13)
W4199	-0.17558055649387	-0.0623512191230141	[8,13)
W4200	0.224636727630108	-0.0848166471482478	[23,28)
X4203	0.264849575616916	0.10288083463546	>=28
X4204	-0.116740468667285	0.129378272688947	[18,23)
X4205	-0.0238174976511081	-0.321183413357979	[13,18)
X4206	0.0365959837009095	0.228283263081558	<8
X4208	-0.0882036593823884	-0.0847688083565499	[8,13)
X4209	-0.169992782165084	-0.00141477871062699	<8
X4210	-0.0616064576721916	0.190477681250034	[18,23)
Y4211	-0.153884176730486	0.383249749898111	<8
Y4212	-0.218814661870545	-0.042302841825006	<8
Y4213	-0.202909020804761	-0.146887977983388	[8,13)
Y4214	-0.148670116731707	-0.0357333745127872	[8,13)
Y4215	0.0589667461470082	0.127497825623376	[18,23)
Y4216	-0.0837402165902745	0.134584668413236	[8,13)
