Wed Nov 18 15:19:30 2020
Group	group
	diff	lwr	upr	p adj
[8,13)-<8	77.4714285714288	-46.1144418462609	201.057298989118	0.463350382854835
[13,18)-<8	172.157142857143	41.0745323103579	303.239753403929	0.00289603267318661
[18,23)-<8	235.565476190476	93.6060042815648	377.524948099388	5.59335142870099e-05
>=28-<8	243.957142857143	24.0344746412973	463.879811072989	0.0202452918929348
[23,28)-<8	297.607142857143	131.543619297937	463.67066641635	1.02335453654456e-05
[13,18)-[8,13)	94.6857142857145	11.0176844904084	178.353744081021	0.0166141468200692
[18,23)-[8,13)	158.094047619048	58.2432585048645	257.944836733231	0.000141800283892435
>=28-[8,13)	166.485714285714	-28.9207042814479	361.892132852876	0.143232491845946
[23,28)-[8,13)	220.135714285714	88.2464339064237	352.024994665005	4.95566729948882e-05
[18,23)-[13,18)	63.4083333333331	-45.5841595622206	172.400826228887	0.548148602125285
>=28-[13,18)	71.7999999999997	-128.431995041021	272.03199504102	0.905650808527882
[23,28)-[13,18)	125.45	-13.488712027388	264.388712027388	0.102095781498848
>=28-[18,23)	8.39166666666665	-199.123857367089	215.907190700422	0.999996927220933
[23,28)-[18,23)	62.0416666666667	-87.2024507273741	211.285784060708	0.836694911964516
[23,28)->=28	53.6500000000001	-171.043780303875	278.343780303875	0.982979911030459
Wed Nov 18 15:19:30 2020
Group	group
	diff	lwr	upr	p adj
[8,13)-<8	0.142285714285714	-0.242404064166856	0.526975492738285	0.893716091068267
[13,18)-<8	0.417857142857143	0.00983201636169795	0.825882269352587	0.041327843558074
[18,23)-<8	0.656607142857144	0.214725254472059	1.09848903124223	0.000443931386915786
>=28-<8	0.674857142857143	-0.00970333502530407	1.35941762073959	0.0557934903241315
[23,28)-<8	0.717023809523811	0.200112451687063	1.23393516736056	0.00133072083192409
[13,18)-[8,13)	0.275571428571428	0.0151352174031298	0.536007639739727	0.0313110826751227
[18,23)-[8,13)	0.51432142857143	0.203512613511684	0.825130243631176	5.92253158409051e-05
>=28-[8,13)	0.532571428571429	-0.0756765176764145	1.14081937481927	0.122831606926213
[23,28)-[8,13)	0.574738095238096	0.164202021187709	0.985274169288484	0.00115794757090182
[18,23)-[13,18)	0.238750000000001	-0.100514495231344	0.578014495231346	0.330069904076795
>=28-[13,18)	0.257000000000001	-0.366268675869769	0.88026867586977	0.841331028541341
[23,28)-[13,18)	0.299166666666668	-0.133312403696791	0.731645737030127	0.349494798553027
>=28-[18,23)	0.0182499999999992	-0.627690354639344	0.664190354639342	0.999999486396989
[23,28)-[18,23)	0.0604166666666668	-0.404140375830362	0.524973709163696	0.999016705302446
[23,28)->=28	0.0421666666666676	-0.65724500776368	0.741578341097015	0.999977582279671
Wed Nov 18 15:20:51 2020
Group	group
	diff	lwr	upr	p adj
[8,13)-<8	77.4714285714288	-46.1144418462609	201.057298989118	0.463350382854835
[13,18)-<8	172.157142857143	41.0745323103579	303.239753403929	0.00289603267318661
[18,23)-<8	235.565476190476	93.6060042815648	377.524948099388	5.59335142870099e-05
>=28-<8	243.957142857143	24.0344746412973	463.879811072989	0.0202452918929348
[23,28)-<8	297.607142857143	131.543619297937	463.67066641635	1.02335453654456e-05
[13,18)-[8,13)	94.6857142857145	11.0176844904084	178.353744081021	0.0166141468200692
[18,23)-[8,13)	158.094047619048	58.2432585048645	257.944836733231	0.000141800283892435
>=28-[8,13)	166.485714285714	-28.9207042814479	361.892132852876	0.143232491845946
[23,28)-[8,13)	220.135714285714	88.2464339064237	352.024994665005	4.95566729948882e-05
[18,23)-[13,18)	63.4083333333331	-45.5841595622206	172.400826228887	0.548148602125285
>=28-[13,18)	71.7999999999997	-128.431995041021	272.03199504102	0.905650808527882
[23,28)-[13,18)	125.45	-13.488712027388	264.388712027388	0.102095781498848
>=28-[18,23)	8.39166666666665	-199.123857367089	215.907190700422	0.999996927220933
[23,28)-[18,23)	62.0416666666667	-87.2024507273741	211.285784060708	0.836694911964516
[23,28)->=28	53.6500000000001	-171.043780303875	278.343780303875	0.982979911030459
Wed Nov 18 15:20:51 2020
Group	group
	diff	lwr	upr	p adj
[8,13)-<8	0.142285714285714	-0.242404064166856	0.526975492738285	0.893716091068267
[13,18)-<8	0.417857142857143	0.00983201636169795	0.825882269352587	0.041327843558074
[18,23)-<8	0.656607142857144	0.214725254472059	1.09848903124223	0.000443931386915786
>=28-<8	0.674857142857143	-0.00970333502530407	1.35941762073959	0.0557934903241315
[23,28)-<8	0.717023809523811	0.200112451687063	1.23393516736056	0.00133072083192409
[13,18)-[8,13)	0.275571428571428	0.0151352174031298	0.536007639739727	0.0313110826751227
[18,23)-[8,13)	0.51432142857143	0.203512613511684	0.825130243631176	5.92253158409051e-05
>=28-[8,13)	0.532571428571429	-0.0756765176764145	1.14081937481927	0.122831606926213
[23,28)-[8,13)	0.574738095238096	0.164202021187709	0.985274169288484	0.00115794757090182
[18,23)-[13,18)	0.238750000000001	-0.100514495231344	0.578014495231346	0.330069904076795
>=28-[13,18)	0.257000000000001	-0.366268675869769	0.88026867586977	0.841331028541341
[23,28)-[13,18)	0.299166666666668	-0.133312403696791	0.731645737030127	0.349494798553027
>=28-[18,23)	0.0182499999999992	-0.627690354639344	0.664190354639342	0.999999486396989
[23,28)-[18,23)	0.0604166666666668	-0.404140375830362	0.524973709163696	0.999016705302446
[23,28)->=28	0.0421666666666676	-0.65724500776368	0.741578341097015	0.999977582279671
Wed Nov 18 16:12:03 2020
Group	group
	diff	lwr	upr	p adj
[16,23)-<16	152.088235294118	19.1310941140499	285.045376474186	0.0148919977784002
[23,30)-<16	175.606557377049	48.3775585782375	302.835556175861	0.00143320597013974
[30,37)-<16	199.5	68.9770626748622	330.022937325138	0.000271552350099902
[38,45)-<16	207.125	60.6133662241897	353.636633775811	0.000996609572038176
>=45-<16	213.25	6.05126046880906	420.448739531191	0.039666052035614
[23,30)-[16,23)	23.5183220829315	-48.8967390847218	95.9333832505848	0.936335591631448
[30,37)-[16,23)	47.4117647058824	-30.6456508069875	125.469180218752	0.499626288162692
[38,45)-[16,23)	55.0367647058824	-47.541896721454	157.615426133219	0.633955344354756
>=45-[16,23)	61.1617647058824	-117.690242864291	240.013772276056	0.92167396990365
[30,37)-[23,30)	23.8934426229509	-43.9488514208117	91.7357366667136	0.912033660330793
[38,45)-[23,30)	31.5184426229509	-63.5183845799584	126.55526982586	0.930708048575948
>=45-[23,30)	37.6434426229509	-136.992342245022	212.279227490924	0.989285992347884
[38,45)-[30,37)	7.625	-91.7783075779147	107.028307577915	0.99992604615611
>=45-[30,37)	13.75	-163.299926261173	190.799926261173	0.999921386590431
>=45-[38,45)	6.125	-183.020705879785	195.270705879785	0.99999898537599
Wed Nov 18 16:12:03 2020
Group	group
	diff	lwr	upr	p adj
[16,23)-<16	0.28	-0.1751365951151	0.7351365951151	0.485004655772351
[23,30)-<16	0.391803278688525	-0.0437248381109306	0.827331395487981	0.104448690028255
[30,37)-<16	0.52404761904762	0.077243748632492	0.970851489462748	0.0114289866504387
[38,45)-<16	0.575000000000001	0.0734638993466162	1.07653610065339	0.0145481334413856
>=45-<16	0.715000000000001	0.00572084443626619	1.42427915556374	0.0469383653362788
[23,30)-[16,23)	0.111803278688525	-0.136086711141058	0.359693268518107	0.784086519186377
[30,37)-[16,23)	0.24404761904762	-0.0231571809705847	0.511252419065824	0.0949665932375625
[38,45)-[16,23)	0.295000000000001	-0.0561455065830003	0.646145506583002	0.154442865987086
>=45-[16,23)	0.435	-0.177243111069479	1.04724311106948	0.319345242077735
[30,37)-[23,30)	0.132244340359095	-0.0999922318311664	0.364480912549356	0.571625413474244
[38,45)-[23,30)	0.183196721311476	-0.142131708284442	0.508525150907394	0.583665375825681
>=45-[23,30)	0.323196721311476	-0.274613488840499	0.921006931463451	0.626246547934669
[38,45)-[30,37)	0.0509523809523813	-0.289323309037962	0.391228070942725	0.998061331772108
>=45-[30,37)	0.190952380952381	-0.415121876426207	0.797026638330969	0.943764161545585
>=45-[38,45)	0.14	-0.507480321784123	0.787480321784122	0.9891332659858
Wed Nov 18 16:17:22 2020
Group	group
	diff	lwr	upr	p adj
[8,13)-<8	77.4714285714288	-46.1144418462609	201.057298989118	0.463350382854835
[13,18)-<8	172.157142857143	41.0745323103579	303.239753403929	0.00289603267318661
[18,23)-<8	235.565476190476	93.6060042815648	377.524948099388	5.59335142870099e-05
>=28-<8	243.957142857143	24.0344746412973	463.879811072989	0.0202452918929348
[23,28)-<8	297.607142857143	131.543619297937	463.67066641635	1.02335453654456e-05
[13,18)-[8,13)	94.6857142857145	11.0176844904084	178.353744081021	0.0166141468200692
[18,23)-[8,13)	158.094047619048	58.2432585048645	257.944836733231	0.000141800283892435
>=28-[8,13)	166.485714285714	-28.9207042814479	361.892132852876	0.143232491845946
[23,28)-[8,13)	220.135714285714	88.2464339064237	352.024994665005	4.95566729948882e-05
[18,23)-[13,18)	63.4083333333331	-45.5841595622206	172.400826228887	0.548148602125285
>=28-[13,18)	71.7999999999997	-128.431995041021	272.03199504102	0.905650808527882
[23,28)-[13,18)	125.45	-13.488712027388	264.388712027388	0.102095781498848
>=28-[18,23)	8.39166666666665	-199.123857367089	215.907190700422	0.999996927220933
[23,28)-[18,23)	62.0416666666667	-87.2024507273741	211.285784060708	0.836694911964516
[23,28)->=28	53.6500000000001	-171.043780303875	278.343780303875	0.982979911030459
Wed Nov 18 16:17:22 2020
Group	group
	diff	lwr	upr	p adj
[8,13)-<8	0.142285714285714	-0.242404064166856	0.526975492738285	0.893716091068267
[13,18)-<8	0.417857142857143	0.00983201636169795	0.825882269352587	0.041327843558074
[18,23)-<8	0.656607142857144	0.214725254472059	1.09848903124223	0.000443931386915786
>=28-<8	0.674857142857143	-0.00970333502530407	1.35941762073959	0.0557934903241315
[23,28)-<8	0.717023809523811	0.200112451687063	1.23393516736056	0.00133072083192409
[13,18)-[8,13)	0.275571428571428	0.0151352174031298	0.536007639739727	0.0313110826751227
[18,23)-[8,13)	0.51432142857143	0.203512613511684	0.825130243631176	5.92253158409051e-05
>=28-[8,13)	0.532571428571429	-0.0756765176764145	1.14081937481927	0.122831606926213
[23,28)-[8,13)	0.574738095238096	0.164202021187709	0.985274169288484	0.00115794757090182
[18,23)-[13,18)	0.238750000000001	-0.100514495231344	0.578014495231346	0.330069904076795
>=28-[13,18)	0.257000000000001	-0.366268675869769	0.88026867586977	0.841331028541341
[23,28)-[13,18)	0.299166666666668	-0.133312403696791	0.731645737030127	0.349494798553027
>=28-[18,23)	0.0182499999999992	-0.627690354639344	0.664190354639342	0.999999486396989
[23,28)-[18,23)	0.0604166666666668	-0.404140375830362	0.524973709163696	0.999016705302446
[23,28)->=28	0.0421666666666676	-0.65724500776368	0.741578341097015	0.999977582279671
Wed Nov 18 16:17:48 2020
Group	group
	diff	lwr	upr	p adj
[16,23)-<16	152.088235294118	19.1310941140499	285.045376474186	0.0148919977784002
[23,30)-<16	175.606557377049	48.3775585782375	302.835556175861	0.00143320597013974
[30,37)-<16	199.5	68.9770626748622	330.022937325138	0.000271552350099902
[38,45)-<16	207.125	60.6133662241897	353.636633775811	0.000996609572038176
>=45-<16	213.25	6.05126046880906	420.448739531191	0.039666052035614
[23,30)-[16,23)	23.5183220829315	-48.8967390847218	95.9333832505848	0.936335591631448
[30,37)-[16,23)	47.4117647058824	-30.6456508069875	125.469180218752	0.499626288162692
[38,45)-[16,23)	55.0367647058824	-47.541896721454	157.615426133219	0.633955344354756
>=45-[16,23)	61.1617647058824	-117.690242864291	240.013772276056	0.92167396990365
[30,37)-[23,30)	23.8934426229509	-43.9488514208117	91.7357366667136	0.912033660330793
[38,45)-[23,30)	31.5184426229509	-63.5183845799584	126.55526982586	0.930708048575948
>=45-[23,30)	37.6434426229509	-136.992342245022	212.279227490924	0.989285992347884
[38,45)-[30,37)	7.625	-91.7783075779147	107.028307577915	0.99992604615611
>=45-[30,37)	13.75	-163.299926261173	190.799926261173	0.999921386590431
>=45-[38,45)	6.125	-183.020705879785	195.270705879785	0.99999898537599
Wed Nov 18 16:17:49 2020
Group	group
	diff	lwr	upr	p adj
[16,23)-<16	0.28	-0.1751365951151	0.7351365951151	0.485004655772351
[23,30)-<16	0.391803278688525	-0.0437248381109306	0.827331395487981	0.104448690028255
[30,37)-<16	0.52404761904762	0.077243748632492	0.970851489462748	0.0114289866504387
[38,45)-<16	0.575000000000001	0.0734638993466162	1.07653610065339	0.0145481334413856
>=45-<16	0.715000000000001	0.00572084443626619	1.42427915556374	0.0469383653362788
[23,30)-[16,23)	0.111803278688525	-0.136086711141058	0.359693268518107	0.784086519186377
[30,37)-[16,23)	0.24404761904762	-0.0231571809705847	0.511252419065824	0.0949665932375625
[38,45)-[16,23)	0.295000000000001	-0.0561455065830003	0.646145506583002	0.154442865987086
>=45-[16,23)	0.435	-0.177243111069479	1.04724311106948	0.319345242077735
[30,37)-[23,30)	0.132244340359095	-0.0999922318311664	0.364480912549356	0.571625413474244
[38,45)-[23,30)	0.183196721311476	-0.142131708284442	0.508525150907394	0.583665375825681
>=45-[23,30)	0.323196721311476	-0.274613488840499	0.921006931463451	0.626246547934669
[38,45)-[30,37)	0.0509523809523813	-0.289323309037962	0.391228070942725	0.998061331772108
>=45-[30,37)	0.190952380952381	-0.415121876426207	0.797026638330969	0.943764161545585
>=45-[38,45)	0.14	-0.507480321784123	0.787480321784122	0.9891332659858
Wed Nov 18 16:20:14 2020
Group	group
	diff	lwr	upr	p adj
[8,13)-<8	77.4714285714288	-46.1144418462609	201.057298989118	0.463350382854835
[13,18)-<8	172.157142857143	41.0745323103579	303.239753403929	0.00289603267318661
[18,23)-<8	235.565476190476	93.6060042815648	377.524948099388	5.59335142870099e-05
>=28-<8	243.957142857143	24.0344746412973	463.879811072989	0.0202452918929348
[23,28)-<8	297.607142857143	131.543619297937	463.67066641635	1.02335453654456e-05
[13,18)-[8,13)	94.6857142857145	11.0176844904084	178.353744081021	0.0166141468200692
[18,23)-[8,13)	158.094047619048	58.2432585048645	257.944836733231	0.000141800283892435
>=28-[8,13)	166.485714285714	-28.9207042814479	361.892132852876	0.143232491845946
[23,28)-[8,13)	220.135714285714	88.2464339064237	352.024994665005	4.95566729948882e-05
[18,23)-[13,18)	63.4083333333331	-45.5841595622206	172.400826228887	0.548148602125285
>=28-[13,18)	71.7999999999997	-128.431995041021	272.03199504102	0.905650808527882
[23,28)-[13,18)	125.45	-13.488712027388	264.388712027388	0.102095781498848
>=28-[18,23)	8.39166666666665	-199.123857367089	215.907190700422	0.999996927220933
[23,28)-[18,23)	62.0416666666667	-87.2024507273741	211.285784060708	0.836694911964516
[23,28)->=28	53.6500000000001	-171.043780303875	278.343780303875	0.982979911030459
Wed Nov 18 16:20:14 2020
Group	group
	diff	lwr	upr	p adj
[8,13)-<8	0.142285714285714	-0.242404064166856	0.526975492738285	0.893716091068267
[13,18)-<8	0.417857142857143	0.00983201636169795	0.825882269352587	0.041327843558074
[18,23)-<8	0.656607142857144	0.214725254472059	1.09848903124223	0.000443931386915786
>=28-<8	0.674857142857143	-0.00970333502530407	1.35941762073959	0.0557934903241315
[23,28)-<8	0.717023809523811	0.200112451687063	1.23393516736056	0.00133072083192409
[13,18)-[8,13)	0.275571428571428	0.0151352174031298	0.536007639739727	0.0313110826751227
[18,23)-[8,13)	0.51432142857143	0.203512613511684	0.825130243631176	5.92253158409051e-05
>=28-[8,13)	0.532571428571429	-0.0756765176764145	1.14081937481927	0.122831606926213
[23,28)-[8,13)	0.574738095238096	0.164202021187709	0.985274169288484	0.00115794757090182
[18,23)-[13,18)	0.238750000000001	-0.100514495231344	0.578014495231346	0.330069904076795
>=28-[13,18)	0.257000000000001	-0.366268675869769	0.88026867586977	0.841331028541341
[23,28)-[13,18)	0.299166666666668	-0.133312403696791	0.731645737030127	0.349494798553027
>=28-[18,23)	0.0182499999999992	-0.627690354639344	0.664190354639342	0.999999486396989
[23,28)-[18,23)	0.0604166666666668	-0.404140375830362	0.524973709163696	0.999016705302446
[23,28)->=28	0.0421666666666676	-0.65724500776368	0.741578341097015	0.999977582279671
Wed Nov 18 16:20:41 2020
Group	group
	diff	lwr	upr	p adj
[16,23)-<16	152.088235294118	19.1310941140499	285.045376474186	0.0148919977784002
[23,30)-<16	175.606557377049	48.3775585782375	302.835556175861	0.00143320597013974
[30,37)-<16	199.5	68.9770626748622	330.022937325138	0.000271552350099902
[38,45)-<16	207.125	60.6133662241897	353.636633775811	0.000996609572038176
>=45-<16	213.25	6.05126046880906	420.448739531191	0.039666052035614
[23,30)-[16,23)	23.5183220829315	-48.8967390847218	95.9333832505848	0.936335591631448
[30,37)-[16,23)	47.4117647058824	-30.6456508069875	125.469180218752	0.499626288162692
[38,45)-[16,23)	55.0367647058824	-47.541896721454	157.615426133219	0.633955344354756
>=45-[16,23)	61.1617647058824	-117.690242864291	240.013772276056	0.92167396990365
[30,37)-[23,30)	23.8934426229509	-43.9488514208117	91.7357366667136	0.912033660330793
[38,45)-[23,30)	31.5184426229509	-63.5183845799584	126.55526982586	0.930708048575948
>=45-[23,30)	37.6434426229509	-136.992342245022	212.279227490924	0.989285992347884
[38,45)-[30,37)	7.625	-91.7783075779147	107.028307577915	0.99992604615611
>=45-[30,37)	13.75	-163.299926261173	190.799926261173	0.999921386590431
>=45-[38,45)	6.125	-183.020705879785	195.270705879785	0.99999898537599
Wed Nov 18 16:20:42 2020
Group	group
	diff	lwr	upr	p adj
[16,23)-<16	0.28	-0.1751365951151	0.7351365951151	0.485004655772351
[23,30)-<16	0.391803278688525	-0.0437248381109306	0.827331395487981	0.104448690028255
[30,37)-<16	0.52404761904762	0.077243748632492	0.970851489462748	0.0114289866504387
[38,45)-<16	0.575000000000001	0.0734638993466162	1.07653610065339	0.0145481334413856
>=45-<16	0.715000000000001	0.00572084443626619	1.42427915556374	0.0469383653362788
[23,30)-[16,23)	0.111803278688525	-0.136086711141058	0.359693268518107	0.784086519186377
[30,37)-[16,23)	0.24404761904762	-0.0231571809705847	0.511252419065824	0.0949665932375625
[38,45)-[16,23)	0.295000000000001	-0.0561455065830003	0.646145506583002	0.154442865987086
>=45-[16,23)	0.435	-0.177243111069479	1.04724311106948	0.319345242077735
[30,37)-[23,30)	0.132244340359095	-0.0999922318311664	0.364480912549356	0.571625413474244
[38,45)-[23,30)	0.183196721311476	-0.142131708284442	0.508525150907394	0.583665375825681
>=45-[23,30)	0.323196721311476	-0.274613488840499	0.921006931463451	0.626246547934669
[38,45)-[30,37)	0.0509523809523813	-0.289323309037962	0.391228070942725	0.998061331772108
>=45-[30,37)	0.190952380952381	-0.415121876426207	0.797026638330969	0.943764161545585
>=45-[38,45)	0.14	-0.507480321784123	0.787480321784122	0.9891332659858
Wed Nov 18 16:22:06 2020
Group	group
	diff	lwr	upr	p adj
[8,13)-<8	77.4714285714288	-46.1144418462609	201.057298989118	0.463350382854835
[13,18)-<8	172.157142857143	41.0745323103579	303.239753403929	0.00289603267318661
[18,23)-<8	235.565476190476	93.6060042815648	377.524948099388	5.59335142870099e-05
>=28-<8	243.957142857143	24.0344746412973	463.879811072989	0.0202452918929348
[23,28)-<8	297.607142857143	131.543619297937	463.67066641635	1.02335453654456e-05
[13,18)-[8,13)	94.6857142857145	11.0176844904084	178.353744081021	0.0166141468200692
[18,23)-[8,13)	158.094047619048	58.2432585048645	257.944836733231	0.000141800283892435
>=28-[8,13)	166.485714285714	-28.9207042814479	361.892132852876	0.143232491845946
[23,28)-[8,13)	220.135714285714	88.2464339064237	352.024994665005	4.95566729948882e-05
[18,23)-[13,18)	63.4083333333331	-45.5841595622206	172.400826228887	0.548148602125285
>=28-[13,18)	71.7999999999997	-128.431995041021	272.03199504102	0.905650808527882
[23,28)-[13,18)	125.45	-13.488712027388	264.388712027388	0.102095781498848
>=28-[18,23)	8.39166666666665	-199.123857367089	215.907190700422	0.999996927220933
[23,28)-[18,23)	62.0416666666667	-87.2024507273741	211.285784060708	0.836694911964516
[23,28)->=28	53.6500000000001	-171.043780303875	278.343780303875	0.982979911030459
Wed Nov 18 16:22:06 2020
Group	group
	diff	lwr	upr	p adj
[8,13)-<8	0.142285714285714	-0.242404064166856	0.526975492738285	0.893716091068267
[13,18)-<8	0.417857142857143	0.00983201636169795	0.825882269352587	0.041327843558074
[18,23)-<8	0.656607142857144	0.214725254472059	1.09848903124223	0.000443931386915786
>=28-<8	0.674857142857143	-0.00970333502530407	1.35941762073959	0.0557934903241315
[23,28)-<8	0.717023809523811	0.200112451687063	1.23393516736056	0.00133072083192409
[13,18)-[8,13)	0.275571428571428	0.0151352174031298	0.536007639739727	0.0313110826751227
[18,23)-[8,13)	0.51432142857143	0.203512613511684	0.825130243631176	5.92253158409051e-05
>=28-[8,13)	0.532571428571429	-0.0756765176764145	1.14081937481927	0.122831606926213
[23,28)-[8,13)	0.574738095238096	0.164202021187709	0.985274169288484	0.00115794757090182
[18,23)-[13,18)	0.238750000000001	-0.100514495231344	0.578014495231346	0.330069904076795
>=28-[13,18)	0.257000000000001	-0.366268675869769	0.88026867586977	0.841331028541341
[23,28)-[13,18)	0.299166666666668	-0.133312403696791	0.731645737030127	0.349494798553027
>=28-[18,23)	0.0182499999999992	-0.627690354639344	0.664190354639342	0.999999486396989
[23,28)-[18,23)	0.0604166666666668	-0.404140375830362	0.524973709163696	0.999016705302446
[23,28)->=28	0.0421666666666676	-0.65724500776368	0.741578341097015	0.999977582279671
Wed Nov 18 16:22:31 2020
Group	group
	diff	lwr	upr	p adj
[16,23)-<16	152.088235294118	19.1310941140499	285.045376474186	0.0148919977784002
[23,30)-<16	175.606557377049	48.3775585782375	302.835556175861	0.00143320597013974
[30,37)-<16	199.5	68.9770626748622	330.022937325138	0.000271552350099902
[38,45)-<16	207.125	60.6133662241897	353.636633775811	0.000996609572038176
>=45-<16	213.25	6.05126046880906	420.448739531191	0.039666052035614
[23,30)-[16,23)	23.5183220829315	-48.8967390847218	95.9333832505848	0.936335591631448
[30,37)-[16,23)	47.4117647058824	-30.6456508069875	125.469180218752	0.499626288162692
[38,45)-[16,23)	55.0367647058824	-47.541896721454	157.615426133219	0.633955344354756
>=45-[16,23)	61.1617647058824	-117.690242864291	240.013772276056	0.92167396990365
[30,37)-[23,30)	23.8934426229509	-43.9488514208117	91.7357366667136	0.912033660330793
[38,45)-[23,30)	31.5184426229509	-63.5183845799584	126.55526982586	0.930708048575948
>=45-[23,30)	37.6434426229509	-136.992342245022	212.279227490924	0.989285992347884
[38,45)-[30,37)	7.625	-91.7783075779147	107.028307577915	0.99992604615611
>=45-[30,37)	13.75	-163.299926261173	190.799926261173	0.999921386590431
>=45-[38,45)	6.125	-183.020705879785	195.270705879785	0.99999898537599
Wed Nov 18 16:22:31 2020
Group	group
	diff	lwr	upr	p adj
[16,23)-<16	0.28	-0.1751365951151	0.7351365951151	0.485004655772351
[23,30)-<16	0.391803278688525	-0.0437248381109306	0.827331395487981	0.104448690028255
[30,37)-<16	0.52404761904762	0.077243748632492	0.970851489462748	0.0114289866504387
[38,45)-<16	0.575000000000001	0.0734638993466162	1.07653610065339	0.0145481334413856
>=45-<16	0.715000000000001	0.00572084443626619	1.42427915556374	0.0469383653362788
[23,30)-[16,23)	0.111803278688525	-0.136086711141058	0.359693268518107	0.784086519186377
[30,37)-[16,23)	0.24404761904762	-0.0231571809705847	0.511252419065824	0.0949665932375625
[38,45)-[16,23)	0.295000000000001	-0.0561455065830003	0.646145506583002	0.154442865987086
>=45-[16,23)	0.435	-0.177243111069479	1.04724311106948	0.319345242077735
[30,37)-[23,30)	0.132244340359095	-0.0999922318311664	0.364480912549356	0.571625413474244
[38,45)-[23,30)	0.183196721311476	-0.142131708284442	0.508525150907394	0.583665375825681
>=45-[23,30)	0.323196721311476	-0.274613488840499	0.921006931463451	0.626246547934669
[38,45)-[30,37)	0.0509523809523813	-0.289323309037962	0.391228070942725	0.998061331772108
>=45-[30,37)	0.190952380952381	-0.415121876426207	0.797026638330969	0.943764161545585
>=45-[38,45)	0.14	-0.507480321784123	0.787480321784122	0.9891332659858
