Axis	PC1	PC2	group
A4001	0.0352194904402451	0.25103378358515	[30,37)
A4002	0.115237039292089	0.0987717424056063	[16,23)
A4003	-0.12899671906275	-0.0961930218416437	[16,23)
A4005	0.00903822653985215	-0.0643213375183826	[16,23)
A4006	-0.128874284248829	-0.182290538167368	[23,30)
A4007	-0.0871095381918615	-0.0288910029305023	[16,23)
A4008	0.100690497882896	-0.0587360722461666	[30,37)
A4009	-0.192993310426054	-0.135963533870219	[16,23)
A4010	0.130705035399038	0.0151921041078222	[37,44)
B4011	-0.107372448961767	0.0328093793293366	<16
B4012	-0.0784231148626253	0.0212475198940136	[23,30)
B4013	-0.321507868197048	-0.0727412291734309	[16,23)
B4014	-0.22361948978749	-0.201123628811974	[23,30)
B4015	-0.0702443420312147	-0.0630052908324968	[30,37)
B4017	0.126039133857249	-0.0193318446902293	[16,23)
B4018	0.204530080223498	-0.0564139794721824	[30,37)
B4019	-0.0105993846987678	0.0163294038011947	[16,23)
B4020	-0.235554842901917	0.125361114841334	[23,30)
C4021	-0.109065267854078	0.0761405314142709	[16,23)
C4022	0.0156159381493655	0.056886550620338	[16,23)
C4024	-0.127394959207708	-0.0753912421029903	[23,30)
C4025	-0.0667088787822108	-0.016381332862277	[23,30)
C4026	-0.304746200473726	0.193987721293422	[16,23)
C4027	-0.146057420515942	-0.0734816386112723	[23,30)
C4029	-0.0915763644887993	-0.180319107010206	[23,30)
C4030	-0.133585971109535	-0.19851386987798	[16,23)
D4031	-0.125065164282986	-0.218748590312312	[16,23)
D4033	-0.310078002693389	-0.163266767045122	[16,23)
D4034	0.134508595365438	-0.165338941714991	[37,44)
D4035	0.0121604599469235	-0.0732020574629026	[23,30)
D4036	0.138725953333775	0.00739894390975159	[30,37)
D4037	0.263369018530428	-0.0722734042622488	[23,30)
D4039	0.261872224201644	-0.10282717073482	[23,30)
D4040	-0.0680710053671214	-0.0175218816115103	[23,30)
E4041	0.120636169941079	0.0801573968195915	[30,37)
E4042	0.105052212612103	0.0782175676541726	[30,37)
E4043	0.308483604652617	-0.0403068743236014	[30,37)
E4044	0.11011411831368	0.00307525177634325	[23,30)
E4045	0.249127279776636	-0.071092686824801	[30,37)
E4046	0.144070726973174	0.024304926220245	[23,30)
E4047	0.238407803472957	0.0921539342326287	[30,37)
E4048	0.068088745658253	0.144732098650105	[16,23)
E4050	0.221371423781767	0.102258410786729	[30,37)
F4054	0.0823877954898265	0.163244342361042	[30,37)
F4055	0.0194192592463773	0.013835103813166	[23,30)
F4056	0.314720072818963	-0.0870292937697854	[30,37)
F4057	0.232579565122746	-0.0100488685065973	[30,37)
F4058	-0.221549555644564	0.0243848826857692	[16,23)
F4060	0.0692948665011768	0.151756943460502	[30,37)
G4061	0.0805358680116583	-0.0567118544985473	[23,30)
G4062	-0.0114601482238881	-0.0231605636928545	[30,37)
G4063	0.0960199183524104	-0.00768262961568808	[16,23)
G4065	-0.158144607729246	-0.094033199767306	[16,23)
G4066	0.245167221905511	-0.0549515295213476	[30,37)
G4068	-0.00483102671531131	-0.108799312549235	[23,30)
G4069	0.0316739889213698	-0.0614678535440571	[30,37)
G4070	0.138648238184025	-0.178887575540823	[30,37)
H4071	-0.193008313824057	0.0499176947684829	[30,37)
H4074	0.152905243739392	0.0597407106802584	[23,30)
H4075	0.0106489656978646	0.203670391574761	[16,23)
H4076	0.0518212630176424	-0.127552570429796	[37,44)
H4077	-0.164338494105082	0.0567755942465746	[23,30)
H4079	0.137933060622071	-0.013837866100478	[23,30)
H4080	0.224350320849391	-0.0361897353890012	[23,30)
J4083	-0.102420285994748	0.0328850734484297	[30,37)
J4085	-0.0707882099984786	0.18008193093233	[16,23)
J4086	-0.00344998179707754	0.156791266479753	[30,37)
J4087	-0.0546180627126961	-0.0255574181244877	[30,37)
J4088	0.194935962170671	-0.0184148364743812	[23,30)
J4089	0.109853741264817	0.196092884451772	>=44
J4090	-0.0137347047299424	-0.131836273120268	[23,30)
K4091	-0.175091905285019	0.372372045027101	<16
K4092	-0.164394069453198	-0.250417007509748	[16,23)
K4093	0.182259939433052	0.0196653269451208	[30,37)
K4094	-0.164097431920487	0.291912355796731	<16
K4096	-0.103913579061423	-0.0252309814591355	[30,37)
K4097	-0.148365394899392	0.0490617366205885	[16,23)
K4098	-0.0984772721732726	0.0947271011605837	[37,44)
L4101	-0.192779706697891	0.0855326936979056	[23,30)
L4103	-0.171332690734867	0.0428262334610056	[23,30)
L4105	0.0983756333228804	0.224113706996484	>=44
L4106	-0.0105602389375186	-0.170970967315661	[23,30)
L4107	-0.109505017814766	-0.115495664180407	[23,30)
L4108	-0.120132308183764	0.0812604128591657	[23,30)
L4109	0.0457747364345297	-0.148761968964207	[16,23)
L4110	0.205418872802364	-0.0345434860304073	[37,44)
M4111	-0.00702370696275186	-0.0519467661785655	[37,44)
M4112	0.00136138533674095	0.0729703660306806	[30,37)
M4113	0.220081895250447	-0.071310537037919	[37,44)
M4114	0.252850977581307	-0.0537076714882627	[23,30)
M4115	0.0421270534002804	-0.131501924010031	[23,30)
M4116	-0.0708254721283204	-0.0849376833146513	[23,30)
M4117	-0.180992435432201	-0.040405658781811	[16,23)
M4118	-0.0529793086736224	-0.044685125750307	[23,30)
M4119	-0.126400838947678	-0.0753976077984796	[23,30)
N4121	0.290949464554793	-0.0525243891829978	[30,37)
N4122	-0.00621649817746942	0.0195151303752799	[23,30)
N4123	-0.233470289450371	0.575534356886678	<16
N4124	0.088640462374862	0.0231161450443023	[23,30)
N4126	0.0901623629616929	-0.11352797356593	[37,44)
N4127	0.0813000757003267	-0.186016659250569	[16,23)
N4128	-0.0949852410463177	0.00647856876374251	[30,37)
N4129	-0.209335793647936	-0.189918185213063	[16,23)
N4130	0.296668841842804	-0.0480966193433562	[30,37)
P4132	-0.0166461712086539	-0.0807626894407357	[23,30)
P4134	-0.158248710524285	-0.0890228565241184	[37,44)
P4135	0.18918434342115	0.0303211021856456	[30,37)
P4138	-0.302034640838793	0.21794039741568	<16
P4139	-0.191792630245803	-0.00671229378639791	[16,23)
P4140	-0.0922519836522692	0.0297169842135039	[23,30)
Q4141	0.00505234220382803	-0.0474986084146829	[37,44)
Q4142	-0.111955841606827	0.0795602908943304	<16
Q4143	-0.026815935986616	-0.00698165578968064	[23,30)
Q4144	-0.0431986067437241	0.00580257264612921	[30,37)
Q4145	0.0225322889757332	0.134435579196515	[30,37)
Q4146	0.13118399124224	-0.0133231573901257	[23,30)
Q4147	-0.176126618190394	0.0712125415709601	[23,30)
Q4148	-0.0194596816598488	-0.133015779043353	[23,30)
Q4149	0.0650234181650913	-0.0229802994581404	[23,30)
Q4150	0.197534210454738	0.299417882148019	>=44
R4151	-0.0875751594682939	-0.0278190665657627	[23,30)
R4152	0.0417280658058092	0.0182006135864441	[23,30)
R4153	-0.0338953699789557	-0.106461669976555	[23,30)
R4154	-0.101049017716225	0.00349642343067102	[37,44)
R4155	-0.115234643611219	-0.0688577559981924	[23,30)
R4156	0.0349324025937723	0.064024046344239	[30,37)
R4157	-0.158166834554011	-0.0746613217116021	[23,30)
R4158	-0.121059128284664	-0.0865258859482917	[23,30)
S4161	0.104322704019533	-0.139111496098892	[30,37)
S4162	0.0740015390924246	-0.0309987973212214	[37,44)
S4165	0.217009542371403	0.0127272984836479	[23,30)
S4166	0.20467050224971	0.144500175540957	[37,44)
S4167	0.034505772129092	-0.107739288759173	[16,23)
S4168	0.202524132788388	0.0544957730744752	[30,37)
S4169	-0.0993664988494687	-0.251452418639334	[23,30)
S4170	-0.153175351528676	0.127436479399012	[30,37)
T4171	0.194749333672074	-0.0161342371963251	[37,44)
T4172	0.166998448147842	-0.0860335254984605	[16,23)
T4173	0.0397644571933209	0.074991979467317	[23,30)
T4174	-0.0681774229611249	0.091705050517517	[30,37)
T4175	-0.0874796887659704	0.148903811589044	[23,30)
T4177	-0.202306717315853	0.211865111013866	[23,30)
T4178	0.139455011767548	0.240918585115764	[30,37)
T4179	0.0463717824058592	0.202969575295562	[23,30)
W4193	-0.131758176587922	-0.00677571929191174	[23,30)
W4194	-0.134298532615886	-0.175138454241896	[23,30)
W4195	0.234461483092705	-0.024545793375617	[23,30)
W4196	0.236709718899746	0.00203640680585244	[23,30)
W4197	0.0807796697078799	-0.0421176707543251	[16,23)
W4198	-0.272999424101242	-0.042329448323979	[16,23)
W4199	-0.0966813491069639	-0.132804015963251	[23,30)
W4200	0.245950823347962	-0.012622398271603	[37,44)
X4203	0.243831836045593	-0.0721046945563322	[30,37)
X4204	0.122400976973742	0.302762678838226	>=44
X4205	-0.120716305055528	0.204667021123179	<16
X4206	0.0708462984593578	0.102963565524246	[16,23)
X4208	0.0049109333832101	0.0261345968376602	[30,37)
X4209	-0.267988267034767	-0.13509875930844	[16,23)
X4210	0.163579305570452	-0.0956666482915623	[37,44)
Y4211	-0.0513482587629012	0.337885135823752	<16
Y4212	-0.215632365751092	-0.199576756717302	[23,30)
Y4213	-0.272187469749684	-0.177958228107818	[23,30)
Y4214	-0.310592812644882	-0.0744219890800469	[16,23)
Y4215	0.174439197661023	0.0168765035355257	[30,37)
Y4216	-0.144298578746209	0.0341991196489174	[30,37)
