Genus	CAP1	CAP2	tiller	height	wetWeight	Subspecies
A4001	-0.0415318988934417	-0.112748618063269	35.6666666666667	106	234.146666666667	TRJ
A4002	0.113940415048843	-0.0963065585347211	19.3333333333333	76	114.456666666667	IND
A4003	-0.0971287681914399	0.103761302271157	19	74.3333333333333	76.89	TRJ
A4005	-0.0108018129310452	0.0300824784223093	22.3333333333333	78.3333333333333	64.8866666666667	TRJ
A4006	-0.0943362452198289	0.137087727078794	27.3333333333333	62.3333333333333	83.0633333333333	TRJ
A4007	-0.046817728802459	0.0495519816994511	17	65	45.6233333333333	TRJ
A4008	0.0391205534804122	-0.12282938705336	34.6666666666667	83.6666666666667	NA	TRJ
A4009	-0.139204705089091	0.0343927303406164	19	85.6666666666667	96.59	TRJ
A4010	0.0780673184237741	-0.176606466485515	40	92	156.053333333333	IND
B4011	-0.0412007890651386	0.12663590648799	14.6666666666667	79.6666666666667	74.99	TRJ
B4012	-0.0399026922325273	-0.0250049961032838	25	66	86.29	TEJ
B4013	-0.229824661099821	0.0732937869927882	22.3333333333333	73.6666666666667	75.2666666666667	TRJ
B4014	-0.128168709756375	0.0848541087117754	24	71.3333333333333	80.7	IND
B4015	-0.0789514279019468	0.089072389307281	31	72.3333333333333	99.79	TRJ
B4017	0.0886680994654335	-0.167222532155712	19.6666666666667	105.666666666667	108.093333333333	TEJ
B4018	0.144548177359537	-0.0473319198234169	33	81.3333333333333	97.0633333333333	IND
B4019	0.0319560228540302	-0.105047981533411	20	58.6666666666667	49.5766666666667	IND
B4020	-0.174418920695403	-0.204650371708348	25	92.3333333333333	136.633333333333	TEJ
C4021	-0.0729697722447785	-0.13089118889316	18.3333333333333	108	147.32	TEJ
C4022	0.00817143571051989	-0.164968393423535	20	83	109.1	TEJ
C4024	-0.116196064430605	0.112728203420554	27	82	110.213333333333	AUS
C4025	-0.043421846075276	-0.0879100915270229	29.3333333333333	65.3333333333333	86.63	TEJ
C4026	-0.213645630602238	-0.0884648562114849	19.3333333333333	63.6666666666667	47.1033333333333	TRJ
C4027	-0.109589572002607	-0.0991159082870662	23.6666666666667	97.3333333333333	164.293333333333	TEJ
C4029	-0.0831137872674485	0.151707592896679	25	64.6666666666667	64.44	AUS
C4030	-0.109196107162877	0.121132082631434	18.3333333333333	83.6666666666667	65.6433333333333	TRJ
D4031	-0.0799948926566875	0.0693919671069617	18	84.6666666666667	67.18	TRJ
D4033	-0.228486071649298	0.164954196512926	17	83.3333333333333	59.1133333333333	TRJ
D4034	0.103509475522606	-0.0035839417188813	40.3333333333333	60.3333333333333	93.2433333333333	IND
D4035	0.0137741598179083	0.104070620336947	25	67.3333333333333	78.93	TRJ
D4036	0.111101106740071	0.0817366308528288	30	76.6666666666667	96.9833333333333	AUS
D4037	0.21270256584359	-0.0357036237849881	27.6666666666667	78.3333333333333	93.6633333333333	IND
D4039	0.197625590485285	0.141019551638251	23.6666666666667	61	49.9266666666667	AUS
D4040	-0.0120540546373306	-0.0214473050025276	29.3333333333333	79.6666666666667	97.69	IND
E4041	0.0536319543810351	-0.117102379171966	35.3333333333333	104	124.256666666667	IND
E4042	0.0325825965644157	-0.1453873572926	33	88.6666666666667	91.77	TRJ
E4043	0.226004983859051	-0.00450842184653201	35.6666666666667	73	97.5233333333333	IND
E4044	0.0849896656652607	-0.0914073079791683	24.3333333333333	102.333333333333	180.47	IND
E4045	0.189683182753321	-0.0244990328821805	31.3333333333333	70.3333333333333	94.35	IND
E4046	0.10316565579982	-0.0792512204137429	25.6666666666667	92.6666666666667	133.913333333333	AUS
E4047	0.152194359789016	-0.056304833446944	34.3333333333333	95.3333333333333	111.303333333333	IND
E4048	0.0693422069556081	-0.159296031010679	20.6666666666667	51	29.4133333333333	IND
E4050	0.152852757441416	-0.106446743622554	30	110	130.393333333333	IND
F4054	0.0218257383199018	-0.111546274761887	30.6666666666667	88.6666666666667	109.906666666667	IND
F4055	0.0424539612749488	-0.18366612546366	26.6666666666667	99.3333333333333	149.126666666667	IND
F4056	0.23890408255082	0.0377799202075056	33.3333333333333	65.3333333333333	91.3133333333333	IND
F4057	0.167184569693123	0.0358630620286327	30.3333333333333	55.3333333333333	95.97	IND
F4058	-0.17404403747804	0.00255494514962219	17.6666666666667	74.6666666666667	84.9166666666667	TRJ
F4060	-0.00914107467020373	-0.0480489949862647	33.6666666666667	67.6666666666667	111.826666666667	IND
G4061	0.0647394643174596	-0.0179241975507475	27	60	86.93	IND
G4062	-0.000512080511836472	-0.00667500831924898	31	59	74.4133333333333	IND
G4063	0.0703223567071128	0.0738298947706011	15.6666666666667	74.3333333333333	59.16	TRJ
G4065	-0.104891525683276	0.10011438491889	20.3333333333333	77	81.1166666666667	IND
G4066	0.20049019101938	0.0354663489234011	32.3333333333333	85.3333333333333	125.313333333333	IND
G4068	-0.030210875670544	0.163699942490536	26	108.666666666667	181.216666666667	AUS
G4069	-0.023835775402985	0.0962371403937643	29.6666666666667	89.3333333333333	179.82	AUS
G4070	0.124564763835831	0.122647725904504	35.6666666666667	71.6666666666667	97.7733333333333	AUS
H4071	-0.198510724702582	-0.0656704759764224	30.6666666666667	84.6666666666667	149.953333333333	TEJ
H4074	0.11314299647198	-0.129273324026871	26.3333333333333	70.1666666666667	124.793333333333	IND
H4075	0.0340868178575502	-0.213939193516441	19.3333333333333	88	96.7466666666667	TEJ
H4076	0.0380334814454892	0.112804768671427	38.6666666666667	53.3333333333333	94.4933333333333	IND
H4077	-0.134437891749847	0.0845833487560477	25	70.6666666666667	84.4866666666667	TRJ
H4079	0.11635918312738	-0.0855152741558861	23.6666666666667	107	118.46	IND
H4080	0.191098844529482	-0.0490994996220988	28.3333333333333	80	82.47	IND
J4083	-0.114895821208282	-0.210605194289716	32.6666666666667	79.6666666666667	136.406666666667	TEJ
J4085	-0.0783939866080799	-0.099250769742533	16.3333333333333	102.666666666667	120.706666666667	TRJ
J4086	-0.051581415425501	-0.0990544164891014	30	67.8333333333333	98.34	TRJ
J4087	-0.013009433439097	0.0378558646151425	33.6666666666667	78.6666666666667	99.0733333333333	IND
J4088	0.142403776102968	-0.170256596258403	28.6666666666667	112.666666666667	180.44	IND
J4089	0.0667506515689539	-0.16322603416674	47.3333333333333	77	136.773333333333	TEJ
J4090	-0.0505133658485049	0.00461296311151316	27.6666666666667	82	117.236666666667	TEJ
K4091	-0.126919222870693	-0.232347809549197	15.3333333333333	101.666666666667	116.496666666667	TEJ
K4092	-0.133050257575322	0.17831152563706	20.6666666666667	69.6666666666667	64.9333333333333	TRJ
K4093	0.13717603369317	0.0634166710608491	31.6666666666667	70.3333333333333	98.0333333333333	IND
K4094	-0.115391117729295	-0.133592305748811	10.6666666666667	56	44.8	TEJ
K4096	-0.076876493603633	0.142374902062402	31.3333333333333	70	84.1766666666667	IND
K4097	-0.107984889736117	0.111062369551132	20	93.3333333333333	127.663333333333	AUS
K4098	-0.117913360458059	-0.140733426996339	37.3333333333333	93.6666666666667	174.27	TRJ
L4101	-0.140258681968783	-0.141426476849527	29.3333333333333	90.3333333333333	129.996666666667	TEJ
L4103	-0.148957369014903	-0.0757318285909814	29	92	126.276666666667	TEJ
L4105	0.0325657499716698	0.0873344998152837	44	66.3333333333333	129.393333333333	IND
L4106	-0.0125920937528978	0.223095776150204	24	81.6666666666667	69.2	AUS
L4107	-0.110295338526754	0.0328228650804657	23.6666666666667	80.6666666666667	105.643333333333	TRJ
L4108	-0.133657636846672	-0.1350930295305	24	97.6666666666667	132.606666666667	TEJ
L4109	0.034658152916459	0.0966750308506793	22	104	158.49	AUS
L4110	0.152994215889166	-0.143060191766577	39.3333333333333	96.6666666666667	196.296666666667	IND
M4111	0.002305642745039	0.210366962616511	38	58.3333333333333	69.6166666666667	AUS
M4112	-0.00774672828350232	-0.0226507641942378	34	62.6666666666667	92.4733333333333	IND
M4113	0.163633546123539	0.00589404125243125	43.3333333333333	69	80.3866666666667	IND
M4114	0.202350385561013	-0.0322865623678115	25	76.3333333333333	83.59	IND
M4115	0.0407666860076452	0.22270842590493	23	87	99.6233333333333	IND
M4116	-0.00528336646102343	0.0884400103904714	26.3333333333333	58	87.22	AUS
M4117	-0.0823168103907211	-0.0183063796457828	21.3333333333333	65.6666666666667	46.24	IND
M4118	-0.000779039643389529	0.0389976662400221	23.6666666666667	57.3333333333333	54.6833333333333	IND
M4119	-0.0483433407511115	0.0262642622581748	23.6666666666667	64	57.1933333333333	IND
N4121	0.223642895195798	0.0147698251330134	30.6666666666667	73.6666666666667	94.72	IND
N4122	0.02836576232999	0.0925744713839132	28.3333333333333	82	122.133333333333	AUS
N4123	-0.167726651346631	-0.231196859631427	13	112.666666666667	142.2	TEJ
N4124	0.0687630533278349	0.120644802319505	28.3333333333333	73	83.3233333333333	AUS
N4126	0.0716663499772335	0.104822585919983	41.6666666666667	42	90.0466666666667	IND
N4127	0.102413738555789	0.000879995537638326	18	68	57.6533333333333	IND
N4128	-0.0846489981249271	0.108900256458394	32.6666666666667	75	107.46	AUS
N4129	-0.139648741587826	0.229258887100066	15.5	63.5	36.06	TRJ
N4130	0.220700395779615	0.00648776929310696	34.3333333333333	71.6666666666667	98.3166666666667	IND
P4132	-0.0107797116360292	0.0624550620562083	24	94	150.926666666667	AUS
P4134	-0.123230145998039	0.16363337682801	42	71.3333333333333	113.79	AUS
P4135	0.165455441749947	-0.0582977262663728	32.6666666666667	80.6666666666667	92.2066666666667	IND
P4138	-0.203134420675027	-0.116370557458473	10.6666666666667	109.333333333333	111.793333333333	TRJ
P4139	-0.135845500052392	-0.183353181860164	21	100.333333333333	148.86	TEJ
P4140	-0.0812946933850704	-0.152448251411218	29	69.6666666666667	120.423333333333	IND
Q4141	-0.00945321649557088	0.134862254188226	40	68	131.37	IND
Q4142	-0.0362140558281725	0.083681847344586	14	87.3333333333333	61.6533333333333	IND
Q4143	0.0336862390933364	0.0422549643000911	24.3333333333333	69.3333333333333	77.9366666666667	IND
Q4144	0.0098246041610567	-0.0915494527774722	31.3333333333333	61.3333333333333	76.5666666666667	IND
Q4145	-0.000653409031344788	-0.204567844695941	36.3333333333333	76	155.333333333333	IND
Q4146	0.128708841332729	-0.0758670899234056	27.3333333333333	62	74.63	IND
Q4147	-0.127011725449546	-0.274347792867238	27	73	129.23	TEJ
Q4148	-0.00927825001556297	-0.201515729557433	23.6666666666667	75.6666666666667	102.31	TEJ
Q4149	0.046020168158375	-0.147552533920617	26	90.3333333333333	129.503333333333	TEJ
Q4150	0.0995593743064911	-0.0502486304386779	44	101.666666666667	173.923333333333	AUS
R4151	-0.0336373207293912	0.131576448309189	25.3333333333333	89.6666666666667	90.4766666666667	AUS
R4152	0.0551949671542623	0.0718875302129641	23	78.6666666666667	77.83	AUS
R4153	0.00955191164932259	0.155932051938735	23	86	73.5	AUS
R4154	-0.0315554870770957	0.0117307700678612	37.6666666666667	63	75.5633333333333	IND
R4155	-0.109655990624599	0.145112976064741	27	102	176.236666666667	AUS
R4156	0.0258174031534856	0.155838640712855	33.3333333333333	77.3333333333333	122.063333333333	AUS
R4157	-0.100566759218169	0.19517684957612	28.3333333333333	79.6666666666667	90.9833333333333	AUS
R4158	-0.10298241286714	0.110915760740156	28.3333333333333	100	180.19	AUS
S4161	0.0702717477610226	0.17602258071398	30.3333333333333	69.3333333333333	62.31	AUS
S4162	0.0480029327095272	0.116594262097134	39.6666666666667	72.3333333333333	113.706666666667	AUS
S4165	0.185794801267191	0.0370805607200251	28	78.3333333333333	104.8	IND
S4166	0.107563607247773	-0.0323493827854718	39.6666666666667	113.666666666667	234.733333333333	AUS
S4167	0.0512846351788795	-0.00955858237697205	16	92.3333333333333	66.57	TEJ
S4168	0.132012556291165	0.128418892936327	32.6666666666667	87	132.086666666667	IND
S4169	-0.105934355432353	0.225640503509411	27	75.3333333333333	79.8166666666667	TRJ
S4170	-0.151929100326821	-0.0745746925922064	31	95.6666666666667	158.953333333333	TRJ
T4171	0.114368296760608	-0.00512156115641058	41.3333333333333	97.3333333333333	182.446666666667	AUS
T4172	0.161537049398183	0.120609150795437	19.6666666666667	84	87.74	AUS
T4173	0.0118141882290153	-0.0451769420842972	29	104.333333333333	163.22	AUS
T4174	-0.0599200753213054	0.139952987477458	30.3333333333333	92.6666666666667	152.453333333333	AUS
T4175	-0.0598941891124405	-0.0248068500380509	29	103.333333333333	150.533333333333	AUS
T4177	-0.161741254249553	-0.205653931631589	22.6666666666667	98	181.46	TEJ
T4178	0.0681250687730962	-0.11694941406111	33	107	184.576666666667	AUS
T4179	0.0246810037061089	-0.240734104774889	25.6666666666667	88	128.64	TEJ
W4193	-0.112869532357968	0.121034597897465	23.3333333333333	72.6666666666667	78.36	TRJ
W4194	-0.0652633743657355	0.217652121007538	23.6666666666667	79.3333333333333	104.713333333333	IND
W4195	0.166044873109978	-0.1206102280839	27.3333333333333	93.3333333333333	149.683333333333	IND
W4196	0.201266639985595	-0.125299678431539	22.6666666666667	88.6666666666667	138.326666666667	IND
W4197	0.0522896886674272	-0.0375124510986851	17	97.6666666666667	123.333333333333	IND
W4198	-0.200788013065715	0.14515853303408	18.6666666666667	77	77.92	TRJ
W4199	-0.110035713040872	0.119996750714945	27.6666666666667	84.6666666666667	133.076666666667	TRJ
W4200	0.199178944362258	-0.0204706565576437	39.3333333333333	78.3333333333333	92.54	IND
X4203	0.208195540435476	0.0374354343402964	36	74.3333333333333	101.526666666667	IND
X4204	0.0448471436880581	-0.0865266355832035	47.6666666666667	85	209.886666666667	IND
X4205	-0.00801811936232323	-0.0752750138511732	14.6666666666667	85	57.94	IND
X4206	0.0505771220010851	-0.0477292978112566	20	105.666666666667	158.186666666667	AUS
X4208	-0.0308751892322285	0.104702146570273	29.6666666666667	93.3333333333333	119.056666666667	AUS
X4209	-0.195200696607828	0.115926811835193	17.3333333333333	78	64.2333333333333	TRJ
X4210	0.103116583376367	-0.0106140460084473	42.6666666666667	79.3333333333333	178.226666666667	IND
Y4211	-0.0176532118493915	-0.204420290454826	14	105.666666666667	142.576666666667	TEJ
Y4212	-0.147594510303571	0.165507323997294	24	53.6666666666667	73.2966666666667	TRJ
Y4213	-0.205261103939941	0.158155581333592	22.6666666666667	66.3333333333333	87.4966666666667	TRJ
Y4214	-0.235635438157653	0.101132185492539	20	62	115.1	TRJ
Y4215	0.15162146507081	-0.0398320561647432	35.6666666666667	54	81.0633333333333	IND
Y4216	-0.129177328148368	0.0278429634174111	34.3333333333333	73	136.01	TEJ
