Samples	PC1	PC2	PC3	PC4
A4001	0.000201012769834444	-0.138069822894383	-0.0837512155252595	0.0494072445269711
A4002	-0.0172218593528071	-0.045629763181648	-0.0307464109223576	0.118053249940034
A4003	-0.0912811544306142	0.136867660180786	-0.0632830895949606	0.0728264181770731
A4005	-0.0467438370465635	0.0968177330504116	-0.0585206138471689	0.0708232315836076
A4006	-0.0903912741700555	0.088594984231204	-0.0567442122060048	0.0107149303229462
A4007	-0.0770419462523507	0.122336305351087	-0.10149369362012	-0.0800794759562143
A4008	0.187512662552402	-0.142210405086601	-0.240085871769687	0.0781805376424933
A4009	-0.0958235131690355	-0.0243346602098125	0.0023974120201486	-0.0499361527060299
A4010	0.0675223060184559	-0.129641439383485	-0.0670309734559917	0.0110264442306873
B4011	0.104529023032944	0.126405382253901	0.000747458585359838	-0.0695647130611002
B4012	-0.170680868150434	0.0728357048347881	0.0636515898501978	-0.0220552926458563
B4013	-0.237830051334824	0.142381248073071	-0.0441249958860661	0.000469606364455767
B4014	0.103581157284279	0.130672244409719	0.0132980138241574	0.0628724107121522
B4015	-0.00771972026416749	0.117662671673042	-0.047040767011302	0.100078699431248
B4017	-0.0144170626008326	-0.0924964964330372	-0.264676301380895	0.0597693075897012
B4018	0.243552901390652	0.031541832646579	0.0202455273643468	-0.025325739311249
B4019	0.210562506796465	0.030943171096473	-0.00291973585804552	0.0191281649670349
B4020	-0.213239090807021	0.0276088215144741	-0.032158477869172	0.0452770834013242
C4021	-0.055356242220638	-0.0141163984400979	-0.0923287144703062	0.147511355287748
C4022	-0.0715174409752124	-0.0124827658875378	-0.0368558720982178	0.0645697271606996
C4024	-0.0225645967776686	-0.0133398716520486	-0.0372318418583475	-0.052544365720481
C4025	-0.157137856060376	0.0946812525868329	-0.00985617182739897	-0.028939514918898
C4026	-0.0425957498729986	0.135735019215181	0.0267698183493767	0.0989821228167319
C4027	-0.193991320889707	0.044273021588084	-0.0723500865693154	0.00962890165635071
C4029	0.0476758862888914	0.118016506630417	0.019692285563509	-0.0241481879182946
C4030	-0.0126497254491568	0.0815408539433699	-0.041590209357423	-0.00500617389091443
D4031	-0.0586313890221802	0.0647105453842401	-0.0278287094578096	-0.118359758320778
D4033	-0.163122089014521	0.129578429422997	0.00848650887962011	-0.00949960811644067
D4034	0.111914763294395	0.0652187687896685	0.0134137311071299	0.103289294376471
D4035	0.112185759822418	0.0974563172835693	-0.0402787229308329	-0.0512723623214721
D4036	0.277316434906097	-0.0192201267944138	0.0411388361135691	-0.0504777670595124
D4037	0.126532624903429	0.109582656633178	0.0392682586438319	0.0694348788533498
D4039	0.0637190007708774	0.0531949253166288	0.00838857078749894	-0.079265409746989
D4040	0.0415652602120544	0.0569728568932113	0.0255696698094771	0.107771722711408
E4041	0.294312558031981	-0.165272373320598	-0.131862907464508	0.0656181872739119
E4042	0.0511388005762024	-0.141676241833111	-0.209518597104079	0.070463974290414
E4043	0.200496555369035	0.0170695646327041	0.0654944901025602	0.0359717498781138
E4044	0.00843162977244109	-0.123276897168571	0.0338878762127565	-0.0155982047763406
E4045	0.121870872898018	0.033431390701456	-0.0411873780445823	0.00192528732398669
E4046	0.175713206884329	-0.140070761579856	-0.136178984356023	-0.0132237204957327
E4047	0.176755867221848	-0.113493377109009	-0.0778536055087631	-0.0479801962779333
E4048	0.228928772477109	-0.114763029788145	-0.221809310724484	0.0953042962564051
E4050	0.101997667452915	-0.184779580536628	-0.142667497387698	-0.00180578214657143
F4054	-0.0877975355123214	-0.197026965292891	-0.0157686886724115	-0.00372322173233576
F4055	0.0976731460094992	-0.200666318398745	0.027440675108586	-0.0390016892477978
F4056	0.154288968743877	0.0368785458313066	-0.0155753151127197	0.0203712384133379
F4057	0.109180607650759	0.0562082458866834	0.0944985461589969	0.0404071254485013
F4058	-0.0532202447355047	-0.0207862206060119	-0.106653385786717	0.0565528581847736
F4060	0.122082594923162	-0.0523778727053586	0.0157707406759624	0.0227333511020056
G4061	0.148593554417734	-0.0726985271377743	-0.145762481990739	0.00824068972659443
G4062	0.147687928038163	-0.027412055210709	-0.0173659207753374	0.011942941721104
G4063	0.073402115022071	0.0675661245567892	-0.0421788769860203	0.0893196871819659
G4065	-0.147138646852559	-0.0810807417234486	0.00358036252945846	0.039404368730436
G4066	0.0788627744621338	0.103216673291526	-0.0465862553302385	-0.0951831579153165
G4068	-0.0607854576844122	-0.0644034944141516	-0.000976514843743191	-0.0922547766829913
G4069	-0.105322127556058	-0.15036354164092	0.0990492558827874	-0.0240526479964872
G4070	0.0614102095048011	0.148723677586831	0.0207496402803201	0.0331865085230405
H4071	-0.16481441542654	0.0060296116461412	0.0214218744180495	0.0341503617280329
H4074	0.164153858817324	-0.0824380611131944	0.0378496119641824	-0.0358756491375551
H4075	-0.102368324775222	0.223681891401531	-0.10043417644619	0.0910047274847785
H4076	0.092827410431266	-0.0414939616062588	0.0807841767003759	-0.0265811217886959
H4077	-0.0292300055443451	0.0677716319381118	0.00577531220422609	-0.0980978182354414
H4079	0.00801518076090444	-0.0243503288594371	0.0837907717779882	0.01421707725582
H4080	0.295556691865331	0.0227787178690762	0.0430967970764101	-0.0402977006566146
J4083	-0.171007858562894	-0.0794066297334353	-0.0367232269662662	0.0601719757968905
J4085	-0.173913073286848	0.0117026876098931	-0.235684629727094	-0.0528893127708547
J4086	-0.0507536844334261	0.0554332498764659	0.01497402889584	0.0300473608108153
J4087	-0.0303182234322333	-0.0427604860548573	0.0974667799710158	0.00791288826589775
J4088	-0.0223226247452671	-0.118826998209503	-0.185499998772204	-0.0179499173563526
J4089	-0.122232578878487	-0.115462959595609	0.00422350356651024	0.0965197255307031
J4090	-0.147315005492063	0.0659397449004048	-0.37081595607297	-0.122267878633621
K4091	-0.223787906808855	-0.0371440682774947	-0.0402506415734584	0.164011052329518
K4092	0.0252443387429171	0.0986046637111599	-0.0366401673119496	-0.107098278685695
K4093	0.276225815323573	0.0083981665028761	0.0342333789431569	-0.024147676533105
K4094	0.0203075221448408	-0.0218484005166778	0.0634309181799871	0.0156411412672399
K4096	0.0561458760574375	0.0656509422459098	-0.00931169007006394	-0.0794557764925773
K4097	-0.090795376013851	0.000879594847059672	0.0916743961394118	-0.116355753205725
K4098	-0.256853186183406	-0.0257878349514783	-0.072282251993693	-0.0225279456996726
L4101	-0.201791174395437	0.0164929496544561	0.0178150513194111	-0.0627040736914185
L4103	-0.258244696907227	0.0186283075103705	0.093741329871487	-0.0743551346986168
L4105	0.267578488940021	-0.0112543029517178	-0.00841261942344819	0.0380269509527823
L4106	0.0100772236335018	0.0793417044363776	0.0288953655371836	-0.0088370873556954
L4107	-0.196653234620536	0.101246494968767	0.0187621847389734	-0.0446410423875809
L4108	-0.201137602382095	-0.11228743813883	0.095185978797317	-0.0529441480486982
L4109	0.113407987891423	0.0476771944211033	0.0425138184945102	-0.0302997360158783
L4110	0.0980891944813922	-0.12398695791334	0.00834531366535602	-0.0352085485132872
M4111	0.0792190536327446	0.0322128128103242	0.0295946802756321	0.0807230125845917
M4112	0.00363021575470308	0.0295006872053717	0.0651088854556135	0.024031739923679
M4113	0.175594568632754	-0.00246857709825985	0.069264599124711	-0.0385174519524161
M4114	0.0407546471618287	-0.0178183735940232	0.12207885354059	0.0139246461227438
M4115	0.0428541552797967	0.0578698666346107	0.0598134325003659	-0.0298172956170391
M4116	0.0261241504421975	0.170453452219108	-0.00901484507966887	0.0559942680134353
M4117	-0.0635854276847152	0.193414910585329	-0.0298749453215726	0.057281838012121
M4118	0.0564856064861672	0.0401168794506331	0.10101833685232	0.135856638901267
M4119	0.0363062767762179	0.0646407839855251	0.0495494018593882	0.0629516047244702
N4121	0.0611065474211384	0.00851833192011221	0.0927553446593501	0.0381184618893619
N4122	-0.0596678141612463	0.0103672215007718	0.0747689568366463	-0.070820860968323
N4123	-0.199450882526343	-0.127256580991666	0.0180515305660793	0.0603823128214079
N4124	0.086062374569989	0.0473407520981319	0.0559697665705892	0.00187900857283845
N4126	0.225613920609132	0.0354498983338907	0.0365208093375377	-0.0196789476678059
N4127	0.161604007579848	0.0388152732709371	0.0279528288525423	0.00316438227393407
N4128	0.0764178030151154	0.060194564866196	0.0502377448736142	0.00222635556226355
N4129	0.00195865244568451	0.139173925389291	0.0785642663112132	0.0354883667426669
N4130	0.210916312855676	-0.0183032779334441	0.00910036138388098	-0.000313470368888214
P4132	0.0696214945311902	0.0527738595972781	0.0387616563793142	-0.0355021568299392
P4134	-0.0288581728956964	0.0726523362371077	0.0471724764787357	0.00543395872545101
P4135	0.141503588414507	-0.035800130712582	0.0665829053605704	-0.0264658861564985
P4138	-0.128632537496433	-0.102754543124533	-0.0770902531016177	0.0245251934903379
P4139	-0.148587546143732	-0.112408883492049	-0.051465004934438	-0.0488512142848114
P4140	0.0607241375470019	-0.055997313301986	-0.0580727676115977	0.0458317316864108
Q4141	0.0865191148036296	0.0136030291839498	-0.0415348409013067	0.044188954761345
Q4142	-0.170013154024113	0.0460080552280046	0.0455064795468603	0.0103628470819325
Q4143	0.0974483959177318	0.0477025468380529	0.0735742927620128	-0.0123218029799425
Q4144	0.0819288293791879	0.102479078754357	0.00101334578153322	0.137251656440206
Q4145	-0.0756504267122702	-0.0636105412002998	0.0260464581035031	0.0791063311497791
Q4146	0.164493995284956	0.0718717083690487	0.0524608061002025	0.0900172425073791
Q4147	-0.143385955054025	-0.0491696029156731	0.0569993626691459	0.024695297686375
Q4148	-0.110723139370502	-0.00961816715254052	-0.0319252142195544	-0.0986450813725537
Q4149	-0.149037616688406	-0.0488187390931539	0.0655866684175569	0.0476561154627163
Q4150	0.0659245039899563	-0.212233801120621	-0.00111332020162621	-0.0638275004522571
R4151	0.16205206384164	0.0667075337031288	-0.00642363336980657	0.069406576089785
R4152	-0.0241432453577274	0.135344389709103	0.00970859884998982	0.00440110826879403
R4153	0.151131406554531	-0.0012287829892843	0.105536611117843	-0.0605660941099807
R4154	0.0859272216877332	0.0243081876742225	0.0600513542678057	-0.0247716458047897
R4155	-0.0302592119240648	0.0303627849061644	0.0236305901246605	-0.11487236508045
R4156	0.0464704959475549	-0.0223601222261447	0.0901321770431673	-0.0372053679991547
R4157	-0.0469124978090832	0.0874670164621407	0.0410353204367143	0.0244278020641384
R4158	-0.15582274963558	-0.0313650260956593	0.134031808064672	-0.0197242804893905
S4161	0.0344881169669035	0.0162265285231245	-0.0262427801501513	-0.0648673654139108
S4162	-0.0413955882793521	0.094662440586358	0.0162302790871055	-0.016140459692744
S4165	0.183420794273576	-0.0859466187831826	0.023155805689614	-0.0846680645402635
S4166	0.104421642576907	-0.208980322053348	0.0582327067777216	-0.052139067211481
S4167	-0.0352810811735134	0.115414810526071	-0.107947168452281	-0.129368497938023
S4168	0.154238978923131	0.0488607077273428	0.0259095385438663	0.0120975636292312
S4169	-0.0281837735457498	0.184418727831643	-0.0456819396474215	-0.0238324835997935
S4170	-0.16075775484179	-0.128378887572931	0.135398298176829	0.0212474185824039
T4171	-0.0858999210462181	-0.140803671530719	0.117655214831204	-0.0272196129391916
T4172	0.0428990186168079	0.0440940377670382	0.0301430294803049	-0.0755507524055378
T4173	-0.0898466418857923	-0.219084353734966	0.107964062286377	-0.0582475504794471
T4174	0.232504265964766	0.0236093996139472	0.063369323646164	-0.0172752578895273
T4175	-0.117930552444397	-0.18049379329454	0.141044124379495	-0.0697271731134829
T4177	-0.296611968820663	-0.0569077541385066	0.130047450505264	0.0516419277353777
T4178	0.0383439652448052	-0.230906745749508	0.00482340542185926	-0.0193032725807364
T4179	-0.138728003179867	-0.196951829517934	0.102563557132399	0.0192253223607961
W4193	-0.0670628735307981	0.0315885856232252	-0.00126610578718928	-0.0595375783981719
W4194	0.0364311691675589	0.0553045450295406	0.0222366347948574	0.0216752713055018
W4195	0.0559907568013222	-0.073524453276704	-0.184682531111541	-0.0189634334560662
W4196	-0.0962993954686991	-0.0962417960301939	0.0893278727583124	0.0502874486888884
W4197	-0.211094681627501	-0.150258959517206	0.107465512311018	0.0263424386859852
W4198	-0.252379401983963	-0.0365447197640551	-0.141657548883473	0.0707132346216656
W4199	-0.136625951034656	0.0232069888052084	-0.324163526251877	-0.16189718126125
W4200	0.198888736467645	0.045033728165575	0.0242673631496346	-0.0540441004991013
X4203	0.233818966205123	-0.00691037174979251	0.0810900004051378	-0.0660621827858602
X4204	-0.130850637446505	-0.0644157305462737	-0.0845496619119173	-0.033224114879154
X4205	0.00546432767222788	0.152097150509588	-0.0626227904034993	-0.106472168029618
X4206	0.0173981618786353	-0.0449726229673614	0.102114738052105	-0.0210611509947424
X4208	-0.0994294008867771	0.0382712540470005	0.108786603222543	0.0337757004390418
X4209	-0.136472000866993	0.15535702033838	-0.0569484862125796	-0.0956720385833306
X4210	-0.0981075797259734	-0.032337718535033	0.0384555374275086	-0.00213607675245612
Y4211	-0.160582407524721	-0.13239025488082	0.0118555151895483	0.0254305696633803
Y4212	-0.227950784218041	0.035908841348182	0.091038097909962	0.0291621332972803
Y4213	-0.200740819352937	0.111782428487495	0.0541514065823076	0.00334728085800704
Y4214	-0.134416636302727	0.0535627625289452	-0.00418254404980317	0.0156538802370557
Y4215	-7.84235941694579e-05	-0.0735399680312339	0.100110235615004	-0.00754011209819323
Y4216	-0.0963147315547324	-0.0481893223543141	0.0522207895734507	0.0157951376555427
