tiller	PCo1	PCo2	PCo3	PCo4	PC1	PC2	PC3	PC4
A4001	14.33	0.000201012769834444	-0.138069822894383	-0.0837512155252595	0.0494072445269711	0.0813631	-0.014081	-0.0720763	0.00117498
A4002	10	-0.0172218593528071	-0.045629763181648	-0.0307464109223576	0.118053249940034	-0.0697449	-0.074703	0.0094589	-0.0178121
A4003	11	-0.0912811544306142	0.136867660180786	-0.0632830895949606	0.0728264181770731	0.0928566	-0.0113182	-0.127663	0.00680333
A4005	10.67	-0.0467438370465635	0.0968177330504116	-0.0585206138471689	0.0708232315836076	0.0967611	-0.0107647	-0.050134	-0.012319
A4006	9.33	-0.0903912741700555	0.088594984231204	-0.0567442122060048	0.0107149303229462	0.0745229	0.00447977	-0.108197	-0.00514356
A4007	9.33	-0.0770419462523507	0.122336305351087	-0.10149369362012	-0.0800794759562143	0.094291	-0.0103167	-0.144552	0.000598855
A4008	16.67	0.187512662552402	-0.142210405086601	-0.240085871769687	0.0781805376424933	0.0862517	-0.00733483	-0.127424	-0.00306477
A4009	12	-0.0958235131690355	-0.0243346602098125	0.0023974120201486	-0.0499361527060299	0.097708	-0.0129278	-0.156395	0.00102378
A4010	19	0.0675223060184559	-0.129641439383485	-0.0670309734559917	0.0110264442306873	-0.0708303	-0.0806182	0.00863559	-0.0202321
B4011	8.67	0.104529023032944	0.126405382253901	0.000747458585359838	-0.0695647130611002	0.0945826	-0.0131336	-0.146515	0.00787676
B4012	13	-0.170680868150434	0.0728357048347881	0.0636515898501978	-0.0220552926458563	0.107859	-0.00782829	0.100558	-0.000146701
B4013	11	-0.237830051334824	0.142381248073071	-0.0441249958860661	0.000469606364455767	0.0947959	-0.0133699	-0.147424	0.0043981
B4014	9.33	0.103581157284279	0.130672244409719	0.0132980138241574	0.0628724107121522	-0.0667935	-0.0690945	-0.00474337	-0.00490326
B4015	14.67	-0.00771972026416749	0.117662671673042	-0.047040767011302	0.100078699431248	0.0962508	-0.0149402	-0.157429	0.0018631
B4017	9.33	-0.0144170626008326	-0.0924964964330372	-0.264676301380895	0.0597693075897012	0.111985	-0.0105551	0.134868	-0.00942392
B4018	17.33	0.243552901390652	0.031541832646579	0.0202455273643468	-0.025325739311249	-0.043102	-0.0425119	-0.0294269	0.0272805
B4019	12	0.210562506796465	0.030943171096473	-0.00291973585804552	0.0191281649670349	-0.0719321	-0.0737233	0.00217329	0.0100118
B4020	10.67	-0.213239090807021	0.0276088215144741	-0.032158477869172	0.0452770834013242	0.110964	-0.00902453	0.14583	-0.00674036
C4021	6.67	-0.055356242220638	-0.0141163984400979	-0.0923287144703062	0.147511355287748	0.113005	-0.0108214	0.145139	-0.0112918
C4022	8.67	-0.0715174409752124	-0.0124827658875378	-0.0368558720982178	0.0645697271606996	0.108441	-0.0112055	0.100017	-0.0118338
C4024	18.67	-0.0225645967776686	-0.0133398716520486	-0.0372318418583475	-0.052544365720481	-0.0489149	0.141875	0.0102577	-0.0232851
C4025	17.33	-0.157137856060376	0.0946812525868329	-0.00985617182739897	-0.028939514918898	0.111848	-0.00864325	0.140121	-0.00958402
C4026	12	-0.0425957498729986	0.135735019215181	0.0267698183493767	0.0989821228167319	0.0930969	-0.0122593	-0.143752	0.00611368
C4027	9.33	-0.193991320889707	0.044273021588084	-0.0723500865693154	0.00962890165635071	0.107792	-0.00883514	0.0762006	-0.00625987
C4029	14.67	0.0476758862888914	0.118016506630417	0.019692285563509	-0.0241481879182946	-0.0467193	0.103709	-0.00384367	-0.213602
C4030	7.33	-0.0126497254491568	0.0815408539433699	-0.041590209357423	-0.00500617389091443	0.0926056	-0.0104485	-0.0435122	-0.0123516
D4031	12.33	-0.0586313890221802	0.0647105453842401	-0.0278287094578096	-0.118359758320778	0.0970948	-0.010476	-0.0309803	-0.0165687
D4033	8.67	-0.163122089014521	0.129578429422997	0.00848650887962011	-0.00949960811644067	0.0931768	-0.0119241	-0.134379	-0.00151453
D4034	22	0.111914763294395	0.0652187687896685	0.0134137311071299	0.103289294376471	-0.0609107	-0.073415	-0.00293563	0.00401331
D4035	13.67	0.112185759822418	0.0974563172835693	-0.0402787229308329	-0.0512723623214721	0.0912299	-0.0113749	-0.134182	-0.0017497
D4036	20.33	0.277316434906097	-0.0192201267944138	0.0411388361135691	-0.0504777670595124	-0.0524033	0.142886	0.00932954	-0.0791788
D4037	15.67	0.126532624903429	0.109582656633178	0.0392682586438319	0.0694348788533498	-0.0680057	-0.0736708	0.00674474	-0.0232684
D4039	11.33	0.0637190007708774	0.0531949253166288	0.00838857078749894	-0.079265409746989	-0.0554393	0.147477	-0.000671581	-0.104999
D4040	16.67	0.0415652602120544	0.0569728568932113	0.0255696698094771	0.107771722711408	-0.0687515	-0.077186	0.00863757	-0.0177891
E4041	21.33	0.294312558031981	-0.165272373320598	-0.131862907464508	0.0656181872739119	-0.0567722	-0.0627666	0.00236994	-0.0173632
E4042	19.33	0.0511388005762024	-0.141676241833111	-0.209518597104079	0.070463974290414	0.0934292	-0.00980998	-0.127891	-0.00485921
E4043	20.33	0.200496555369035	0.0170695646327041	0.0654944901025602	0.0359717498781138	-0.0682547	-0.0791869	0.00602106	-0.00635922
E4044	9	0.00843162977244109	-0.123276897168571	0.0338878762127565	-0.0155982047763406	-0.0693451	-0.0739219	0.00617997	-0.0243434
E4045	24.67	0.121870872898018	0.033431390701456	-0.0411873780445823	0.00192528732398669	-0.0657217	-0.0676641	0.00240964	0.00845197
E4046	14	0.175713206884329	-0.140070761579856	-0.136178984356023	-0.0132237204957327	-0.0489568	0.132163	-0.000945884	-0.150685
E4047	17	0.176755867221848	-0.113493377109009	-0.0778536055087631	-0.0479801962779333	-0.0605465	-0.0658763	0.00563265	-0.0244702
E4048	10.67	0.228928772477109	-0.114763029788145	-0.221809310724484	0.0953042962564051	-0.0724752	-0.0528895	0.00711652	0.0410813
E4050	14.67	0.101997667452915	-0.184779580536628	-0.142667497387698	-0.00180578214657143	-0.0702621	-0.076676	0.00867946	-0.0214063
F4054	15.33	-0.0877975355123214	-0.197026965292891	-0.0157686886724115	-0.00372322173233576	-0.0684979	-0.0765321	0.00962449	-0.00707717
F4055	10	0.0976731460094992	-0.200666318398745	0.027440675108586	-0.0390016892477978	-0.0698925	-0.0648524	0.00746741	-0.00279227
F4056	22	0.154288968743877	0.0368785458313066	-0.0155753151127197	0.0203712384133379	-0.0660725	-0.072803	0.00744257	0.00590357
F4057	13.67	0.109180607650759	0.0562082458866834	0.0944985461589969	0.0404071254485013	-0.0704645	-0.0752919	0.00870764	0.021422
F4058	8	-0.0532202447355047	-0.0207862206060119	-0.106653385786717	0.0565528581847736	0.094387	-0.0109203	-0.111988	0.00136969
F4060	12	0.122082594923162	-0.0523778727053586	0.0157707406759624	0.0227333511020056	-0.0714963	-0.0783898	0.00679225	0.0191403
G4061	8.5	0.148593554417734	-0.0726985271377743	-0.145762481990739	0.00824068972659443	-0.0685867	-0.0696528	0.00864502	0.0259185
G4062	20.67	0.147687928038163	-0.027412055210709	-0.0173659207753374	0.011942941721104	-0.066225	-0.0583674	0.00618587	0.057932
G4063	6.33	0.073402115022071	0.0675661245567892	-0.0421788769860203	0.0893196871819659	0.0961906	-0.0102102	-0.126889	-0.000706775
G4065	11	-0.147138646852559	-0.0810807417234486	0.00358036252945846	0.039404368730436	-0.0678901	-0.0783496	0.00786041	0.0134993
G4066	9.33	0.0788627744621338	0.103216673291526	-0.0465862553302385	-0.0951831579153165	-0.0713106	-0.0617876	0.00522831	0.015456
G4068	8.67	-0.0607854576844122	-0.0644034944141516	-0.000976514843743191	-0.0922547766829913	-0.0446902	0.0917612	-0.0046114	-0.136643
G4069	11.67	-0.105322127556058	-0.15036354164092	0.0990492558827874	-0.0240526479964872	-0.0461331	0.130609	-0.00204164	-0.128231
G4070	10.33	0.0614102095048011	0.148723677586831	0.0207496402803201	0.0331865085230405	-0.0510957	0.139777	0.00214508	-0.088802
H4071	7	-0.16481441542654	0.0060296116461412	0.0214218744180495	0.0341503617280329	0.106976	-0.00403741	0.14415	0.000413222
H4074	11.67	0.164153858817324	-0.0824380611131944	0.0378496119641824	-0.0358756491375551	-0.0683858	-0.0540151	0.00626603	0.0413047
H4075	8.67	-0.102368324775222	0.223681891401531	-0.10043417644619	0.0910047274847785	0.10969	-0.00875383	0.136394	-0.00540429
H4076	26.67	0.092827410431266	-0.0414939616062588	0.0807841767003759	-0.0265811217886959	-0.0645608	-0.0689663	0.00192488	0.0070532
H4077	14.33	-0.0292300055443451	0.0677716319381118	0.00577531220422609	-0.0980978182354414	0.09823	-0.0118491	-0.152939	-0.00069672
H4079	13.33	0.00801518076090444	-0.0243503288594371	0.0837907717779882	0.01421707725582	-0.0709958	-0.0761087	0.00622331	-0.00252562
H4080	24.67	0.295556691865331	0.0227787178690762	0.0430967970764101	-0.0402977006566146	-0.0709273	-0.0721765	0.00496249	-0.0169805
J4083	14.33	-0.171007858562894	-0.0794066297334353	-0.0367232269662662	0.0601719757968905	0.112538	-0.0109973	0.143822	-0.0124682
J4085	5.67	-0.173913073286848	0.0117026876098931	-0.235684629727094	-0.0528893127708547	0.0948203	-0.0133712	-0.152161	0.00228451
J4086	9.67	-0.0507536844334261	0.0554332498764659	0.01497402889584	0.0300473608108153	0.112448	-0.010138	0.146639	-0.0117473
J4087	24	-0.0303182234322333	-0.0427604860548573	0.0974667799710158	0.00791288826589775	-0.0644594	-0.0694293	0.00929239	-0.0405597
J4088	18.67	-0.0223226247452671	-0.118826998209503	-0.185499998772204	-0.0179499173563526	-0.0718364	-0.074727	0.00821682	-0.0270235
J4089	15.67	-0.122232578878487	-0.115462959595609	0.00422350356651024	0.0965197255307031	0.112339	-0.0101749	0.143929	-0.0119017
J4090	10.33	-0.147315005492063	0.0659397449004048	-0.37081595607297	-0.122267878633621	0.1076	-0.00472215	0.141403	0.00128687
K4091	6	-0.223787906808855	-0.0371440682774947	-0.0402506415734584	0.164011052329518	0.112647	-0.0096096	0.143816	-0.0124199
K4092	14	0.0252443387429171	0.0986046637111599	-0.0366401673119496	-0.107098278685695	0.0938336	-0.0102626	-0.0253094	-0.0110732
K4093	19.33	0.276225815323573	0.0083981665028761	0.0342333789431569	-0.024147676533105	-0.0700063	-0.0271774	0.0106958	0.068977
K4094	5	0.0203075221448408	-0.0218484005166778	0.0634309181799871	0.0156411412672399	0.10557	-0.0106008	0.0148501	-0.00434438
K4096	26.67	0.0561458760574375	0.0656509422459098	-0.00931169007006394	-0.0794557764925773	-0.0590871	-0.0648808	-0.00594783	-0.0241537
K4097	13	-0.090795376013851	0.000879594847059672	0.0916743961394118	-0.116355753205725	-0.0548514	0.1479	0.00285545	-0.0477777
K4098	12	-0.256853186183406	-0.0257878349514783	-0.072282251993693	-0.0225279456996726	0.076921	-0.0147751	-0.0737152	0.00616752
L4101	10	-0.201791174395437	0.0164929496544561	0.0178150513194111	-0.0627040736914185	0.110352	-0.0076191	0.152735	-0.00607001
L4103	10.33	-0.258244696907227	0.0186283075103705	0.093741329871487	-0.0743551346986168	0.111054	-0.00758351	0.132262	-0.0144718
L4105	8.33	0.267578488940021	-0.0112543029517178	-0.00841261942344819	0.0380269509527823	-0.0358872	-0.0565615	-0.0325529	0.0239007
L4106	21.33	0.0100772236335018	0.0793417044363776	0.0288953655371836	-0.0088370873556954	-0.0484664	0.0931128	-0.00818637	-0.229725
L4107	9.33	-0.196653234620536	0.101246494968767	0.0187621847389734	-0.0446410423875809	0.0906751	-0.0117603	-0.121243	0.00445765
L4108	10.67	-0.201137602382095	-0.11228743813883	0.095185978797317	-0.0529441480486982	0.105167	-0.00284456	0.144727	0.0011106
L4109	9.67	0.113407987891423	0.0476771944211033	0.0425138184945102	-0.0302997360158783	-0.0479796	0.0922466	-0.0083715	-0.221823
L4110	18.67	0.0980891944813922	-0.12398695791334	0.00834531366535602	-0.0352085485132872	-0.0664615	-0.0701607	0.00827884	-0.0284323
M4111	22.33	0.0792190536327446	0.0322128128103242	0.0295946802756321	0.0807230125845917	-0.0485135	0.124837	-0.00976982	-0.211428
M4112	11.67	0.00363021575470308	0.0295006872053717	0.0651088854556135	0.024031739923679	-0.070012	-0.0798307	0.011707	-0.00206241
M4113	12	0.175594568632754	-0.00246857709825985	0.069264599124711	-0.0385174519524161	-0.0704172	-0.0710298	0.00606319	0.0109454
M4114	20.33	0.0407546471618287	-0.0178183735940232	0.12207885354059	0.0139246461227438	-0.0650542	-0.0665854	0.00703773	-0.0486059
M4115	11.67	0.0428541552797967	0.0578698666346107	0.0598134325003659	-0.0298172956170391	-0.0675634	-0.0670014	0.00558117	-0.0151294
M4116	20.33	0.0261241504421975	0.170453452219108	-0.00901484507966887	0.0559942680134353	-0.0495352	0.142932	0.0056888	-0.0869806
M4117	14.33	-0.0635854276847152	0.193414910585329	-0.0298749453215726	0.057281838012121	-0.0709532	-0.0748062	0.00574313	-0.0128261
M4118	15	0.0564856064861672	0.0401168794506331	0.10101833685232	0.135856638901267	-0.0696479	-0.0609816	0.0086454	0.0432503
M4119	22.67	0.0363062767762179	0.0646407839855251	0.0495494018593882	0.0629516047244702	-0.0718854	-0.0728284	0.005308	-0.016001
N4121	29.33	0.0611065474211384	0.00851833192011221	0.0927553446593501	0.0381184618893619	-0.0678804	-0.0302837	0.00556046	0.0880114
N4122	15	-0.0596678141612463	0.0103672215007718	0.0747689568366463	-0.070820860968323	-0.0562398	0.140898	-0.000542163	-0.181108
N4123	8.33	-0.199450882526343	-0.127256580991666	0.0180515305660793	0.0603823128214079	0.109387	-0.00811218	0.0567082	-0.00851269
N4124	25.33	0.086062374569989	0.0473407520981319	0.0559697665705892	0.00187900857283845	-0.053055	0.152045	-0.00112762	-0.131504
N4126	25.33	0.225613920609132	0.0354498983338907	0.0365208093375377	-0.0196789476678059	-0.0628028	-0.0687763	0.0089338	0.0199656
N4127	14.33	0.161604007579848	0.0388152732709371	0.0279528288525423	0.00316438227393407	-0.0675651	-0.0716838	0.00343367	0.00816097
N4128	22.33	0.0764178030151154	0.060194564866196	0.0502377448736142	0.00222635556226355	-0.0506521	0.149661	-0.00288917	-0.117817
N4129	9	0.00195865244568451	0.139173925389291	0.0785642663112132	0.0354883667426669	0.0437116	0.0394607	-0.105829	-0.0389852
N4130	23.33	0.210916312855676	-0.0183032779334441	0.00910036138388098	-0.000313470368888214	-0.0690282	-0.0351695	0.00910633	0.104534
P4132	12.33	0.0696214945311902	0.0527738595972781	0.0387616563793142	-0.0355021568299392	-0.0559933	0.12168	0.00479361	-0.0290809
P4134	23.67	-0.0288581728956964	0.0726523362371077	0.0471724764787357	0.00543395872545101	0.00859542	0.0408603	-0.0182987	0.026707
P4135	21.33	0.141503588414507	-0.035800130712582	0.0665829053605704	-0.0264658861564985	-0.0714878	-0.0755232	0.00625575	-0.0348038
P4138	7	-0.128632537496433	-0.102754543124533	-0.0770902531016177	0.0245251934903379	0.0949095	-0.0109389	-0.0561907	-0.00333292
P4139	8.33	-0.148587546143732	-0.112408883492049	-0.051465004934438	-0.0488512142848114	0.111642	-0.00842801	0.15585	-0.00111126
P4140	11.33	0.0607241375470019	-0.055997313301986	-0.0580727676115977	0.0458317316864108	-0.0688886	-0.0650085	0.00318738	0.0245635
Q4141	11	0.0865191148036296	0.0136030291839498	-0.0415348409013067	0.044188954761345	-0.065398	-0.0574707	0.00319035	0.0410908
Q4142	7	-0.170013154024113	0.0460080552280046	0.0455064795468603	0.0103628470819325	-0.0621217	-0.0702575	0.0062715	-0.0240426
Q4143	11.67	0.0974483959177318	0.0477025468380529	0.0735742927620128	-0.0123218029799425	-0.0612361	-0.069584	0.00691086	-0.00383445
Q4144	7	0.0819288293791879	0.102479078754357	0.00101334578153322	0.137251656440206	-0.066984	-0.077498	0.0106298	-0.000796043
Q4145	19.33	-0.0756504267122702	-0.0636105412002998	0.0260464581035031	0.0791063311497791	-0.0715281	-0.0756234	0.00725002	-0.0149292
Q4146	11.67	0.164493995284956	0.0718717083690487	0.0524608061002025	0.0900172425073791	-0.0605655	-0.073536	0.0102924	-0.00772621
Q4147	13.33	-0.143385955054025	-0.0491696029156731	0.0569993626691459	0.024695297686375	0.0921638	-0.019982	0.126343	0.00568603
Q4148	11.33	-0.110723139370502	-0.00961816715254052	-0.0319252142195544	-0.0986450813725537	0.110873	-0.00952119	0.15692	-0.00394078
Q4149	10.33	-0.149037616688406	-0.0488187390931539	0.0655866684175569	0.0476561154627163	0.111793	-0.00856213	0.146109	-0.00272509
Q4150	32.33	0.0659245039899563	-0.212233801120621	-0.00111332020162621	-0.0638275004522571	-0.054145	0.152416	0.0169262	0.186019
R4151	13.67	0.16205206384164	0.0667075337031288	-0.00642363336980657	0.069406576089785	-0.0262404	0.137971	0.00463812	0.218906
R4152	13	-0.0241432453577274	0.135344389709103	0.00970859884998982	0.00440110826879403	-0.0338293	0.136055	-0.000262101	0.229762
R4153	20.67	0.151131406554531	-0.0012287829892843	0.105536611117843	-0.0605660941099807	-0.0343574	0.139256	-0.000642773	0.225105
R4154	31	0.0859272216877332	0.0243081876742225	0.0600513542678057	-0.0247716458047897	-0.0675175	-0.0641225	0.00321306	-0.00439782
R4155	12	-0.0302592119240648	0.0303627849061644	0.0236305901246605	-0.11487236508045	-0.0562419	0.147436	0.00281667	-0.0822591
R4156	9.33	0.0464704959475549	-0.0223601222261447	0.0901321770431673	-0.0372053679991547	-0.0549541	0.148686	0.00157703	-0.121843
R4157	9.33	-0.0469124978090832	0.0874670164621407	0.0410353204367143	0.0244278020641384	-0.056547	0.14744	-0.000991927	-0.18016
R4158	10.67	-0.15582274963558	-0.0313650260956593	0.134031808064672	-0.0197242804893905	-0.0579073	0.152657	0.00258648	-0.0846373
S4161	16	0.0344881169669035	0.0162265285231245	-0.0262427801501513	-0.0648673654139108	-0.0538882	0.149482	0.0173995	0.174113
S4162	17.33	-0.0413955882793521	0.094662440586358	0.0162302790871055	-0.016140459692744	-0.0173574	0.133592	0.00191581	0.211705
S4165	15.67	0.183420794273576	-0.0859466187831826	0.023155805689614	-0.0846680645402635	-0.0714019	-0.0354458	0.00482283	0.0371383
S4166	22.67	0.104421642576907	-0.208980322053348	0.0582327067777216	-0.052139067211481	-0.0516402	0.150284	0.013613	0.194231
S4167	9.33	-0.0352810811735134	0.115414810526071	-0.107947168452281	-0.129368497938023	0.107581	-0.00549299	0.146689	-0.00180508
S4168	13	0.154238978923131	0.0488607077273428	0.0259095385438663	0.0120975636292312	-0.0755202	-0.038787	0.00819061	0.0535188
S4169	11.33	-0.0281837735457498	0.184418727831643	-0.0456819396474215	-0.0238324835997935	0.0930233	-0.0125706	-0.13174	0.00622044
S4170	13	-0.16075775484179	-0.128378887572931	0.135398298176829	0.0212474185824039	0.0905313	-0.0112579	-0.135556	0.00524422
T4171	16.67	-0.0858999210462181	-0.140803671530719	0.117655214831204	-0.0272196129391916	-0.0496388	0.155489	0.0048657	0.120709
T4172	17	0.0428990186168079	0.0440940377670382	0.0301430294803049	-0.0755507524055378	-0.0580121	0.150199	0.00169506	-0.140741
T4173	15.33	-0.0898466418857923	-0.219084353734966	0.107964062286377	-0.0582475504794471	-0.0582993	0.144429	0.00892444	0.0775278
T4174	14.33	0.232504265964766	0.0236093996139472	0.063369323646164	-0.0172752578895273	-0.0196888	0.137733	-0.00661451	0.199458
T4175	18.33	-0.117930552444397	-0.18049379329454	0.141044124379495	-0.0697271731134829	-0.0537395	0.147689	0.00877908	0.134683
T4177	9	-0.296611968820663	-0.0569077541385066	0.130047450505264	0.0516419277353777	0.110508	-0.00812714	0.154408	-0.00693556
T4178	31	0.0383439652448052	-0.230906745749508	0.00482340542185926	-0.0193032725807364	-0.0530279	0.151658	0.0151121	0.190078
T4179	10	-0.138728003179867	-0.196951829517934	0.102563557132399	0.0192253223607961	0.109647	-0.00620685	0.135667	-0.00210473
W4193	10.67	-0.0670628735307981	0.0315885856232252	-0.00126610578718928	-0.0595375783981719	0.0916886	-0.013241	-0.137874	-0.000874646
W4194	13	0.0364311691675589	0.0553045450295406	0.0222366347948574	0.0216752713055018	-0.0669679	-0.0689402	-0.00513256	-0.00521308
W4195	15.67	0.0559907568013222	-0.073524453276704	-0.184682531111541	-0.0189634334560662	-0.0719206	-0.0709457	0.00353428	-0.0011975
W4196	12.33	-0.0962993954686991	-0.0962417960301939	0.0893278727583124	0.0502874486888884	-0.0710787	-0.075235	0.00296834	-0.0044999
W4197	11	-0.211094681627501	-0.150258959517206	0.107465512311018	0.0263424386859852	-0.0704618	-0.0523834	0.0046516	0.0277436
W4198	9	-0.252379401983963	-0.0365447197640551	-0.141657548883473	0.0707132346216656	0.0908834	-0.0121583	-0.133416	0.000650599
W4199	10.67	-0.136625951034656	0.0232069888052084	-0.324163526251877	-0.16189718126125	0.0892517	-0.01245	-0.144866	0.000803208
W4200	26	0.198888736467645	0.045033728165575	0.0242673631496346	-0.0540441004991013	-0.0680986	-0.0684806	0.0105343	-0.0104739
X4203	30.67	0.233818966205123	-0.00691037174979251	0.0810900004051378	-0.0660621827858602	-0.0641296	-0.0706903	0.0136204	-0.0232038
X4204	20.67	-0.130850637446505	-0.0644157305462737	-0.0845496619119173	-0.033224114879154	-0.0721884	-0.0674154	0.00570432	0.0158187
X4205	14.67	0.00546432767222788	0.152097150509588	-0.0626227904034993	-0.106472168029618	-0.0676069	-0.0582558	0.00493155	0.0221485
X4206	7.33	0.0173981618786353	-0.0449726229673614	0.102114738052105	-0.0210611509947424	-0.0123419	0.12851	0.000623607	0.211992
X4208	8	-0.0994294008867771	0.0382712540470005	0.108786603222543	0.0337757004390418	-0.0411293	0.132548	0.00523804	0.213528
X4209	4.67	-0.136472000866993	0.15535702033838	-0.0569484862125796	-0.0956720385833306	0.097591	-0.00886856	-0.106909	0.00360371
X4210	18	-0.0981075797259734	-0.032337718535033	0.0384555374275086	-0.00213607675245612	-0.0689825	-0.070753	0.00792983	0.00925607
Y4211	7	-0.160582407524721	-0.13239025488082	0.0118555151895483	0.0254305696633803	0.112135	-0.0112344	0.143761	-0.0107723
Y4212	6.67	-0.227950784218041	0.035908841348182	0.091038097909962	0.0291621332972803	0.0938599	-0.0125081	-0.126956	0.00339206
Y4213	11.33	-0.200740819352937	0.111782428487495	0.0541514065823076	0.00334728085800704	0.0875846	-0.0149494	-0.131638	0.001358
Y4214	7.5	-0.134416636302727	0.0535627625289452	-0.00418254404980317	0.0156538802370557	0.0900442	-0.0149994	-0.126458	0.00468403
Y4215	18	-7.84235941694579e-05	-0.0735399680312339	0.100110235615004	-0.00754011209819323	-0.0690257	-0.070519	0.0122554	0.0386991
Y4216	11.33	-0.0963147315547324	-0.0481893223543141	0.0522207895734507	0.0157951376555427	0.0942816	-0.013086	0.0416996	0.00550141
