ID	berger_parker	buzas_gibson	chao1	dominance	equitability	jost	jost1	reads	richness	robbins	simpson	shannon_e	shannon_2	shannon_10
B4017	0.106	0.00483	1081.5	0.961	0.637	37.5	85.3	17656	1077	0.45	0.0395	4.45	6.41	1.93
E4041	0.0566	0.0129	1397.9	0.985	0.75	105.6	228.2	17656	1395	0.373	0.0151	5.43	7.83	2.36
E4042	0.0971	0.00765	1143.2	0.976	0.697	63.7	135.1	17656	1139	0.432	0.0241	4.91	7.08	2.13
E4046	0.0638	0.0102	1300.8	0.982	0.725	84.3	180.4	17656	1298	0.388	0.0181	5.2	7.49	2.26
E4047	0.0731	0.0107	1367.1	0.981	0.726	83.5	188.6	17656	1364	0.406	0.0192	5.24	7.56	2.28
E4048	0.176	0.00625	1237.7	0.952	0.661	37.5	110.4	17656	1235	0.405	0.0478	4.7	6.79	2.04
E4050	0.107	0.0074	1262.7	0.97	0.683	53.8	130.6	17656	1259	0.425	0.0297	4.87	7.03	2.12
F4054	0.209	0.00398	1066.6	0.931	0.61	24.3	70.2	17656	1063	0.424	0.0687	4.25	6.13	1.85
F4055	0.161	0.00598	1129.9	0.958	0.663	40.8	105.6	17656	1126	0.426	0.0419	4.66	6.72	2.02
F4060	0.12	0.00658	1239.3	0.961	0.668	43.2	116.1	17656	1236	0.411	0.0387	4.75	6.86	2.06
J4086	0.169	0.00333	995.3	0.931	0.59	22.4	58.7	17656	991	0.447	0.0686	4.07	5.88	1.77
H4074	0.0996	0.00812	1301.5	0.971	0.693	56.6	143.3	17656	1299	0.394	0.0294	4.97	7.16	2.16
H4071	0.176	0.00263	945.8	0.919	0.56	18.3	46.3	17656	943	0.431	0.0806	3.84	5.53	1.67
J4083	0.163	0.00314	895.3	0.932	0.591	22.5	55.5	17656	892	0.422	0.0679	4.02	5.79	1.74
J4085	0.175	0.00263	937.3	0.925	0.561	19.1	46.4	17656	934	0.441	0.075	3.84	5.54	1.67
J4088	0.116	0.00513	1055.1	0.962	0.648	39.6	90.6	17656	1051	0.425	0.0381	4.51	6.5	1.96
J4089	0.211	0.00295	966.1	0.914	0.575	18.5	52.1	17656	962	0.45	0.0863	3.95	5.7	1.72
J4090	0.24	0.00203	825.2	0.906	0.533	15.2	35.8	17656	821	0.45	0.0945	3.58	5.16	1.55
K4091	0.225	0.00239	801.9	0.915	0.56	18	42.3	17656	796	0.477	0.0846	3.74	5.4	1.63
K4098	0.18	0.00222	811.1	0.911	0.548	16.3	39.2	17656	805	0.475	0.0889	3.67	5.29	1.59
N4123	0.283	0.00199	882.3	0.883	0.525	13	35.2	17656	879	0.453	0.117	3.56	5.14	1.55
P4138	0.153	0.00418	1084.4	0.943	0.616	28.1	73.9	17656	1081	0.432	0.0571	4.3	6.21	1.87
P4139	0.234	0.00343	1137.8	0.916	0.584	19.7	60.6	17656	1133	0.459	0.0837	4.11	5.92	1.78
P4140	0.127	0.00714	1219.4	0.966	0.681	48.9	126	17656	1215	0.424	0.0344	4.84	6.98	2.1
Q4145	0.203	0.00402	1141.7	0.926	0.606	22.9	71	17656	1138	0.42	0.0736	4.26	6.15	1.85
Q4147	0.164	0.00292	901.4	0.932	0.58	21.6	51.5	17656	897	0.468	0.0684	3.94	5.69	1.71
Q4148	0.159	0.00435	1141.4	0.937	0.617	26.2	76.8	17656	1138	0.438	0.0631	4.34	6.26	1.89
Q4149	0.2	0.00286	976.8	0.918	0.57	18.8	50.5	17656	972	0.461	0.082	3.92	5.66	1.7
Q4150	0.167	0.00767	1303.9	0.96	0.684	46.4	135.3	17656	1301	0.392	0.0401	4.91	7.08	2.13
S4170	0.297	0.00231	995.3	0.881	0.537	13.5	40.7	17656	990	0.475	0.119	3.71	5.35	1.61
T4171	0.272	0.00303	1037.5	0.9	0.574	16.7	53.6	17656	1034	0.432	0.0999	3.98	5.74	1.73
T4173	0.314	0.00289	1014.7	0.885	0.569	15.2	51	17656	1010	0.45	0.115	3.93	5.67	1.71
T4175	0.352	0.00212	971.4	0.857	0.527	11.5	37.5	17656	967	0.459	0.143	3.62	5.23	1.57
G4061	0.124	0.00665	1197.1	0.962	0.673	44.3	117.4	17656	1194	0.394	0.0377	4.77	6.87	2.07
T4177	0.332	0.00126	784	0.844	0.466	9.09	22.2	17656	781	0.474	0.156	3.1	4.48	1.35
T4178	0.179	0.00747	1232	0.957	0.686	44.3	131.9	17656	1229	0.387	0.0434	4.88	7.04	2.12
T4179	0.271	0.00272	855.3	0.902	0.574	16.9	47.9	17656	852	0.442	0.098	3.87	5.58	1.68
W4195	0.0915	0.00531	1111.1	0.964	0.648	40.6	93.7	17656	1108	0.404	0.0364	4.54	6.55	1.97
W4196	0.234	0.00243	938.8	0.903	0.55	15.9	43	17656	934	0.473	0.0969	3.76	5.43	1.63
W4197	0.396	0.00134	809.1	0.813	0.473	8.11	23.7	17656	805	0.475	0.187	3.16	4.57	1.37
W4198	0.194	0.00181	810.5	0.905	0.517	14.4	31.9	17656	805	0.501	0.0947	3.46	5	1.5
W4199	0.228	0.003	970.8	0.924	0.578	20.6	53	17656	966	0.464	0.0758	3.97	5.73	1.72
X4204	0.176	0.00309	1018.7	0.925	0.578	20.3	54.6	17656	1015	0.442	0.0748	4	5.77	1.74
Y4211	0.181	0.00325	870.7	0.931	0.599	22.9	57.4	17656	867	0.438	0.0686	4.05	5.84	1.76
A4001	0.131	0.00635	1218.5	0.959	0.665	41.4	112.1	17656	1215	0.41	0.0413	4.72	6.81	2.05
A4002	0.214	0.00419	1157.2	0.932	0.611	24.9	74	17656	1153	0.449	0.0683	4.3	6.21	1.87
A4008	0.0698	0.0105	1289.4	0.982	0.73	87.5	186.2	17656	1287	0.375	0.0176	5.23	7.54	2.27
A4010	0.121	0.00767	1308.4	0.965	0.684	49.4	135.4	17656	1306	0.402	0.0354	4.91	7.08	2.13
B4020	0.195	0.00188	855.7	0.893	0.519	13.3	33.2	17656	850	0.475	0.107	3.5	5.05	1.52
C4021	0.185	0.00382	951.8	0.944	0.614	28	67.5	17656	949	0.429	0.0563	4.21	6.08	1.83
C4022	0.167	0.00374	990.7	0.941	0.608	26.3	66.1	17656	987	0.431	0.0587	4.19	6.05	1.82
C4027	0.197	0.00213	881.7	0.9	0.535	14.6	37.7	17656	877	0.474	0.1	3.63	5.24	1.58
E4044	0.151	0.00472	1130.7	0.948	0.629	31.1	83.4	17656	1127	0.423	0.0518	4.42	6.38	1.92
F4058	0.159	0.0043	1045.5	0.947	0.623	29.7	75.9	17656	1043	0.4	0.0529	4.33	6.25	1.88
G4065	0.203	0.00299	1018.1	0.917	0.573	19	52.8	17656	1014	0.439	0.0826	3.97	5.72	1.72
G4068	0.174	0.00378	1139.6	0.933	0.597	23.4	66.8	17656	1136	0.439	0.0668	4.2	6.06	1.82
G4069	0.295	0.0027	1054.7	0.887	0.555	14.6	47.7	17656	1052	0.423	0.113	3.86	5.58	1.68
H4079	0.157	0.00511	1224.9	0.943	0.634	29.5	90.3	17656	1221	0.423	0.0571	4.5	6.5	1.96
K4097	0.207	0.0035	1192.6	0.916	0.582	19.2	61.8	17656	1190	0.41	0.0837	4.12	5.95	1.79
L4101	0.176	0.00261	921.8	0.918	0.562	18.3	46.1	17656	916	0.472	0.0816	3.83	5.53	1.66
L4103	0.276	0.00143	823.2	0.863	0.481	10.1	25.2	17656	819	0.471	0.137	3.23	4.65	1.4
L4107	0.226	0.00214	977.5	0.885	0.528	12.9	37.8	17656	974	0.432	0.115	3.63	5.24	1.58
L4108	0.314	0.00195	857.3	0.876	0.524	12.6	34.4	17656	854	0.464	0.124	3.54	5.1	1.54
L4109	0.141	0.0067	1331.6	0.957	0.664	39.9	118.3	17656	1329	0.39	0.0428	4.77	6.89	2.07
L4110	0.124	0.00891	1330.3	0.971	0.704	60.4	157.4	17656	1327	0.404	0.0293	5.06	7.3	2.2
R4155	0.163	0.0047	1224.6	0.939	0.622	27.3	83	17656	1222	0.409	0.0607	4.42	6.38	1.92
R4158	0.277	0.0022	1027.2	0.881	0.528	12.9	38.8	17656	1023	0.461	0.119	3.66	5.28	1.59
S4166	0.163	0.00844	1357.1	0.962	0.694	50	149	17656	1354	0.399	0.0381	5	7.22	2.17
X4206	0.138	0.00583	1244.8	0.951	0.651	35.1	103	17656	1242	0.408	0.0486	4.63	6.69	2.01
X4210	0.168	0.00421	1146.3	0.934	0.612	24.8	74.3	17656	1143	0.416	0.0658	4.31	6.22	1.87
Y4216	0.163	0.00428	1104.5	0.941	0.617	27.5	75.5	17656	1100	0.453	0.0594	4.32	6.24	1.88
A4003	0.249	0.00319	1054.6	0.907	0.579	18	56.3	17656	1051	0.437	0.0926	4.03	5.81	1.75
A4005	0.181	0.0053	1172.5	0.945	0.643	31.8	93.6	17656	1169	0.426	0.055	4.54	6.55	1.97
A4006	0.165	0.00347	1035.9	0.93	0.593	22.4	61.3	17656	1033	0.433	0.0699	4.12	5.94	1.79
A4007	0.243	0.00326	1169.1	0.907	0.574	17.6	57.6	17656	1166	0.428	0.0932	4.05	5.85	1.76
A4009	0.201	0.00401	1196.3	0.927	0.601	22.6	70.8	17656	1193	0.418	0.0731	4.26	6.15	1.85
B4011	0.148	0.00509	1248.5	0.946	0.631	30	89.9	17656	1246	0.395	0.0545	4.5	6.49	1.95
B4012	0.196	0.00191	912.9	0.89	0.517	13	33.8	17656	909	0.48	0.11	3.52	5.08	1.53
B4013	0.251	0.00149	880.6	0.86	0.482	10	26.3	17656	877	0.469	0.14	3.27	4.72	1.42
B4014	0.175	0.00567	1302.2	0.946	0.642	32.2	100.1	17656	1299	0.425	0.0539	4.61	6.65	2
B4015	0.185	0.00355	1124.8	0.927	0.589	21.3	62.6	17656	1122	0.41	0.0735	4.14	5.97	1.8
B4018	0.136	0.00591	1282.2	0.956	0.65	37.2	104.3	17656	1279	0.423	0.0436	4.65	6.71	2.02
B4019	0.113	0.00724	1368	0.964	0.672	46	127.8	17656	1365	0.415	0.0361	4.85	7	2.11
C4024	0.125	0.00685	1327.8	0.956	0.667	39.8	120.9	17656	1325	0.399	0.044	4.8	6.92	2.08
C4025	0.207	0.00235	988.1	0.897	0.54	14.6	41.4	17656	984	0.471	0.103	3.72	5.37	1.62
C4026	0.253	0.00253	869.6	0.907	0.562	16.9	44.7	17656	866	0.441	0.0931	3.8	5.48	1.65
C4029	0.159	0.00464	1196.3	0.94	0.622	27.3	81.9	17656	1194	0.392	0.0597	4.41	6.36	1.91
C4030	0.144	0.00516	1167.1	0.951	0.639	33.1	91.1	17656	1163	0.425	0.0493	4.51	6.51	1.96
D4031	0.195	0.00369	1054	0.931	0.6	23.3	65.2	17656	1051	0.417	0.0687	4.18	6.03	1.81
D4033	0.226	0.00225	982.2	0.893	0.535	13.9	39.8	17656	978	0.466	0.107	3.68	5.31	1.6
D4034	0.164	0.00581	1192.9	0.953	0.654	35.9	102.6	17656	1190	0.397	0.0474	4.63	6.68	2.01
D4035	0.13	0.00661	1347.9	0.957	0.661	39.5	116.7	17656	1345	0.403	0.0428	4.76	6.87	2.07
D4036	0.0933	0.00836	1378.5	0.971	0.691	55.9	147.7	17656	1376	0.391	0.0294	4.99	7.21	2.17
D4037	0.178	0.00519	1259.3	0.943	0.633	29.8	91.6	17656	1257	0.397	0.0566	4.52	6.52	1.96
D4039	0.119	0.00592	1339	0.952	0.646	34.6	104.5	17656	1336	0.418	0.0481	4.65	6.71	2.02
E4043	0.152	0.00675	1345.2	0.956	0.664	39.4	119.1	17656	1343	0.385	0.0441	4.78	6.9	2.08
E4045	0.124	0.00977	1432.5	0.969	0.709	59.6	172.5	17656	1430	0.378	0.0307	5.15	7.43	2.24
F4056	0.118	0.0107	1425.9	0.973	0.721	67	188	17656	1423	0.374	0.0274	5.24	7.55	2.27
G4062	0.0922	0.00845	1371.5	0.97	0.693	56.1	149.3	17656	1369	0.395	0.0298	5.01	7.22	2.17
G4063	0.132	0.00594	1193.6	0.958	0.657	39.3	104.9	17656	1191	0.411	0.042	4.65	6.71	2.02
G4066	0.177	0.00573	1271.6	0.948	0.646	33.4	101.1	17656	1268	0.425	0.0522	4.62	6.66	2
G4070	0.173	0.00418	1167.3	0.936	0.609	25.2	73.8	17656	1165	0.405	0.0636	4.3	6.21	1.87
H4075	0.282	0.00173	859.7	0.873	0.506	11.7	30.5	17656	855	0.485	0.127	3.42	4.93	1.48
H4076	0.157	0.00453	1204.1	0.945	0.618	28.5	80	17656	1201	0.421	0.0551	4.38	6.32	1.9
H4077	0.146	0.00532	1238.2	0.947	0.638	31.4	93.9	17656	1235	0.413	0.0534	4.54	6.55	1.97
H4080	0.114	0.00818	1348.7	0.966	0.69	51.5	144.4	17656	1346	0.381	0.0336	4.97	7.17	2.16
K4092	0.196	0.0042	1164.4	0.935	0.61	25.3	74.2	17656	1161	0.419	0.0647	4.31	6.21	1.87
K4093	0.111	0.00778	1319.2	0.967	0.685	51.1	137.3	17656	1317	0.385	0.0327	4.92	7.1	2.14
K4094	0.164	0.00286	953.4	0.934	0.572	21.5	50.5	17656	950	0.432	0.0656	3.92	5.66	1.7
K4096	0.138	0.00647	1313.5	0.953	0.66	36.9	114.2	17656	1311	0.386	0.0467	4.74	6.84	2.06
L4105	0.0906	0.00818	1281.1	0.972	0.695	58.4	144.4	17656	1278	0.39	0.028	4.97	7.17	2.16
L4106	0.16	0.00531	1203.1	0.947	0.64	31.8	93.8	17656	1200	0.411	0.053	4.54	6.55	1.97
M4111	0.166	0.00704	1218.7	0.959	0.679	44.1	124.4	17656	1216	0.379	0.0411	4.82	6.96	2.09
M4112	0.152	0.00541	1232.4	0.949	0.641	32.8	95.6	17656	1229	0.415	0.0512	4.56	6.58	1.98
M4113	0.108	0.00731	1294.8	0.967	0.678	49	129	17656	1292	0.404	0.0334	4.86	7.01	2.11
M4114	0.168	0.00563	1257.8	0.941	0.645	30.3	99.4	17656	1255	0.392	0.0585	4.6	6.64	2
M4115	0.15	0.00599	1257.1	0.952	0.653	35.7	105.8	17656	1253	0.417	0.048	4.66	6.73	2.02
M4116	0.22	0.00339	1129	0.916	0.582	19.4	59.9	17656	1125	0.433	0.0838	4.09	5.9	1.78
M4117	0.291	0.0023	1004.5	0.878	0.536	12.9	40.6	17656	1000	0.451	0.122	3.7	5.34	1.61
M4118	0.261	0.00304	1045.3	0.907	0.573	17.7	53.7	17656	1042	0.424	0.0927	3.98	5.75	1.73
M4119	0.168	0.00423	1187.7	0.938	0.609	25.8	74.6	17656	1184	0.429	0.0616	4.31	6.22	1.87
N4121	0.173	0.00469	1181.9	0.943	0.624	28.7	82.8	17656	1179	0.417	0.0574	4.42	6.37	1.92
N4122	0.19	0.00356	1153.8	0.923	0.587	20.6	62.8	17656	1151	0.428	0.0774	4.14	5.97	1.8
N4124	0.155	0.00638	1330.3	0.952	0.657	36.1	112.7	17656	1328	0.39	0.048	4.72	6.82	2.05
N4126	0.117	0.00829	1369.5	0.968	0.691	53	146.3	17656	1367	0.387	0.0321	4.99	7.19	2.17
N4127	0.128	0.00775	1368.7	0.964	0.681	48.3	136.8	17656	1366	0.402	0.0355	4.92	7.1	2.14
N4128	0.16	0.00585	1282	0.95	0.648	34.2	103.3	17656	1279	0.419	0.0499	4.64	6.69	2.01
N4129	0.26	0.0028	1078.9	0.901	0.559	16.1	49.4	17656	1075	0.435	0.0986	3.9	5.63	1.69
N4130	0.113	0.00947	1421.2	0.972	0.705	61.1	167.1	17656	1418	0.399	0.0285	5.12	7.38	2.22
P4132	0.14	0.00553	1277.4	0.951	0.641	33.3	97.6	17656	1274	0.435	0.0494	4.58	6.61	1.99
P4134	0.179	0.00342	1150.1	0.928	0.582	21.5	60.4	17656	1146	0.465	0.0718	4.1	5.92	1.78
P4135	0.125	0.0064	1285.3	0.959	0.661	40.7	113	17656	1282	0.413	0.0408	4.73	6.82	2.05
Q4141	0.117	0.00773	1286.4	0.967	0.687	50.9	136.4	17656	1284	0.374	0.0331	4.92	7.09	2.13
S4168	0.141	0.0084	1370.6	0.964	0.692	50.5	148.3	17656	1368	0.385	0.036	5	7.21	2.17
S4169	0.224	0.00324	1082.4	0.911	0.58	18.3	57.3	17656	1079	0.428	0.0891	4.05	5.84	1.76
T4172	0.123	0.00618	1311.4	0.956	0.654	37.7	109.1	17656	1308	0.42	0.0444	4.69	6.77	2.04
T4174	0.114	0.00756	1317.2	0.967	0.681	49.7	133.4	17656	1315	0.391	0.0335	4.89	7.06	2.13
W4193	0.15	0.00584	1364.5	0.945	0.642	31.6	103.2	17656	1362	0.401	0.0548	4.64	6.69	2.01
W4194	0.167	0.00492	1252.4	0.943	0.626	28.9	86.9	17656	1249	0.428	0.0571	4.46	6.44	1.94
W4200	0.102	0.00679	1289.1	0.963	0.669	44.5	120	17656	1286	0.41	0.0365	4.79	6.91	2.08
X4203	0.0996	0.00664	1259.6	0.965	0.668	45.8	117.2	17656	1257	0.401	0.0346	4.76	6.87	2.07
X4205	0.188	0.00565	1357.4	0.937	0.638	28.5	99.7	17656	1355	0.384	0.0626	4.6	6.64	2
X4208	0.22	0.002	923.5	0.888	0.522	13	35.3	17656	919	0.468	0.112	3.56	5.14	1.55
X4209	0.409	0.00122	886.3	0.799	0.452	7.26	21.5	17656	882	0.455	0.201	3.07	4.43	1.33
Y4212	0.277	0.0015	963.8	0.848	0.477	9.26	26.5	17656	960	0.46	0.152	3.28	4.73	1.42
Y4213	0.277	0.00165	992.5	0.859	0.489	10.1	29.2	17656	989	0.455	0.141	3.37	4.87	1.47
Y4214	0.186	0.00383	1172.3	0.926	0.597	22.1	67.6	17656	1169	0.432	0.0738	4.21	6.08	1.83
Y4215	0.188	0.00412	1156.8	0.934	0.608	24.7	72.7	17656	1154	0.411	0.0658	4.29	6.18	1.86
D4040	0.202	0.00485	1272.5	0.937	0.623	27.2	85.6	17656	1269	0.425	0.063	4.45	6.42	1.93
F4057	0.184	0.00634	1321.7	0.949	0.657	35.3	111.9	17656	1319	0.407	0.0512	4.72	6.81	2.05
J4087	0.169	0.00476	1225.5	0.936	0.623	26.3	84	17656	1223	0.392	0.0643	4.43	6.39	1.92
Q4142	0.18	0.00277	986.8	0.916	0.565	18	49	17656	983	0.435	0.0839	3.89	5.61	1.69
Q4143	0.13	0.00461	1168.4	0.95	0.623	30.7	81.4	17656	1165	0.427	0.0501	4.4	6.35	1.91
Q4144	0.185	0.00512	1216.2	0.943	0.634	30.1	90.4	17656	1213	0.417	0.0569	4.5	6.5	1.96
Q4146	0.159	0.00529	1213.5	0.95	0.639	33	93.4	17656	1210	0.411	0.0496	4.54	6.55	1.97
R4151	0.132	0.00554	1224.7	0.952	0.645	34.4	97.9	17656	1222	0.41	0.0478	4.58	6.61	1.99
R4152	0.198	0.00409	1133.3	0.93	0.609	23.8	72.1	17656	1130	0.424	0.07	4.28	6.17	1.86
R4153	0.133	0.0064	1248.4	0.959	0.663	40.3	112.9	17656	1245	0.413	0.0414	4.73	6.82	2.05
R4154	0.131	0.00456	1090.7	0.951	0.628	31.7	80.5	17656	1087	0.44	0.0487	4.39	6.33	1.91
R4156	0.129	0.00481	1083.9	0.953	0.636	33.3	85	17656	1081	0.421	0.0474	4.44	6.41	1.93
R4157	0.204	0.00309	974.9	0.921	0.581	19.8	54.5	17656	972	0.413	0.0787	4	5.77	1.74
S4161	0.13	0.00607	1272.6	0.957	0.654	38.6	107.2	17656	1270	0.422	0.0431	4.67	6.74	2.03
S4162	0.178	0.00374	1065.3	0.931	0.601	23.3	66	17656	1061	0.449	0.069	4.19	6.04	1.82
S4165	0.114	0.0079	1279.8	0.969	0.69	53.4	139.5	17656	1277	0.387	0.0313	4.94	7.12	2.14
S4167	0.239	0.00436	1173.9	0.922	0.615	22.6	76.9	17656	1170	0.428	0.0784	4.34	6.27	1.89
